0.328592332
0.279782967
0.218795902
0.229568602
0.278898602
0.25358224
0.189325409
0.193604409
0.183350888
0.159111692
0.207479584
0.148174952
0.184892918
0.145897106
0.248391679
0.307175832
0.169600946
0.173460307
0.167078237
0.158669886
0.14826762
0.196411694
0.189325745
0.176720594
0.358711396
0.161573777
0.133837922
0.17361377
0.156703387
0.151552631
0.168307256
0.169218542
0.167006766
0.19645825
0.132123563
0.153113642
0.136110534
0.127701797
0.118854725
0.157396053
0.114029371
0.137660559
0.137498922
0.120512352
0.155413511
0.129964071
0.141438844
0.133140945
0.134241442
0.140458722
0.137610766
0.236253873
0.120187615
0.141519639
0.188778377
0.100634029
0.112543413
0.118636825
0.155701912
0.126883396
0.142424762
0.121949604
0.130043265
0.1321686
0.125259249
0.194282566
0.112302438
0.103523976
0.112210839
0.144414112
0.122782547
0.132667748
0.143829738
0.12137623
0.113347498
0.108554929
0.124009391
0.106648109
0.115817096
0.177233442
0.140444037
0.153743268
0.167351958
0.120799715
0.124435487
0.128045619
0.221842093
0.122529199
0.137163394
0.143588389
0.147762037
0.154886149
0.139695104
0.114849081
0.140844881
0.130995001
0.128577779
0.120123571
0.267058182
0.283643544
0.148888121
0.132320987
0.127893469
0.126259644
0.12015254
0.109895147
0.137530005
0.163563775
0.106973179
0.087960352
0.118886835
0.117669914
0.155726192
0.134541418
0.127075858
0.14565433
0.113159997
0.130268221
0.120807895
0.098856564
0.122189974
0.138404759
0.101574684
0.137873865
0.123960735
0.138665947
0.127957699
0.167868239
0.210296998
0.165218831
0.187926302
0.165131262
0.147423074
0.172603369
0.155525552
0.152483052
0.197428487
0.127206847
0.144105043
0.145273972
