0 100 384,504,1224,1224
1 100 0,480,1224,1200
2 100 96,480,1224,1200
3 100 96,480,1224,1200
4 100 96,480,1224,1200
5 100 0,480,1224,1200
6 100 0,480,1224,1200
7 100 0,480,1224,1200
8 100 96,480,1224,1200
9 100 96,480,1224,1200
10 100 72,480,1224,1200
11 100 72,480,1224,1200
12 100 48,480,1224,1200
13 100 24,480,1224,1200
14 100 24,480,1224,1200
15 100 3408,480,1224,1200
16 100 3408,480,1224,1200
17 100 3432,480,1224,1200
18 100 3456,480,1224,1200
19 100 3480,480,1224,1200
20 100 3528,480,1224,1200
21 100 3528,480,1224,1200
22 100 3528,480,1224,1200
23 100 3576,480,1224,1200
24 100 3576,480,1224,1200
25 100 3552,480,1224,1200
26 100 3504,480,1224,1200
27 100 3456,480,1224,1200
28 100 3432,480,1224,1200
29 100 3432,480,1224,1200
30 100 3408,480,1224,1200
31 100 72,480,1224,1224
32 100 3600,480,1224,1224
33 100 3552,504,1224,1200
34 100 3480,504,1224,1200
35 100 3432,504,1224,1200
36 100 3432,504,1224,1200
37 100 3456,504,1224,1200
38 100 3432,504,1224,1200
39 100 3408,504,1224,1200
40 100 3432,504,1224,1200
41 100 3432,504,1224,1200
42 100 3432,504,1224,1200
43 100 3432,504,1224,1200
44 100 3408,504,1224,1200
45 100 24,504,1224,1224
46 100 3696,504,1224,1224
47 100 3696,504,1224,1224
48 100 3672,504,1224,1224
49 100 3672,504,1224,1224
50 100 3696,504,1224,1224
51 100 3720,504,1224,1224
52 100 3720,504,1224,1224
53 100 3672,504,1224,1224
54 100 3672,504,1224,1224
55 100 3648,504,1224,1224
56 100 3672,504,1224,1224
57 100 3696,504,1224,1224
58 100 0,504,1224,1224
59 100 3384,504,1224,1200
60 100 3408,504,1224,1200
61 100 3408,504,1224,1200
62 100 3408,504,1224,1200
63 100 3432,504,1224,1200
64 100 0,504,1224,1200
65 100 0,504,1224,1200
66 100 24,504,1224,1200
67 100 48,504,1224,1200
68 100 72,504,1224,1200
69 100 0,504,1224,1200
70 100 24,504,1224,1200
71 100 48,504,1224,1200
72 100 48,504,1224,1200
73 100 24,504,1224,1200
74 100 24,504,1224,1200
75 100 24,504,1224,1200
76 100 0,504,1224,1200
77 100 0,504,1224,1224
78 100 0,504,1224,1224
79 100 24,504,1224,1224
80 100 0,528,1224,1200
81 100 0,528,1224,1200
82 100 0,528,1224,1200
83 100 24,528,1224,1200
84 100 48,528,1224,1200
85 100 96,528,1224,1200
86 100 96,528,1224,1200
87 100 144,528,1224,1200
88 100 192,528,1224,1224
89 100 216,528,1224,1224
90 100 240,528,1224,1224
91 100 312,552,1224,1200
92 100 312,552,1224,1200
93 100 408,552,1224,1200
94 100 480,552,1224,1200
95 100 480,552,1224,1200
96 100 576,552,1224,1200
97 100 600,552,1224,1200
98 100 696,552,1224,1200
99 100 696,552,1224,1200
100 100 792,552,1224,1200
101 100 816,552,1224,1200
102 100 912,552,1224,1200
103 100 984,552,1224,1200
104 100 1008,552,1224,1200
105 100 1080,552,1224,1200
106 100 1104,552,1224,1200
107 100 1152,552,1224,1200
108 100 1176,552,1224,1200
109 100 1176,552,1224,1200
110 100 1248,552,1224,1200
111 100 1272,552,1224,1200
112 100 1296,552,1224,1200
113 100 1344,552,1224,1200
114 100 1344,552,1224,1200
115 100 1392,552,1224,1200
116 100 1392,552,1224,1200
117 100 1416,552,1224,1200
118 100 1440,552,1224,1200
119 100 1464,552,1224,1200
120 100 1488,552,1224,1200
121 100 1536,552,1224,1200
122 100 1560,552,1224,1200
123 100 1608,552,1224,1200
124 100 1632,552,1224,1200
125 100 1632,552,1224,1200
126 100 1632,552,1224,1200
127 100 1632,552,1224,1200
128 100 1608,576,1224,1200
129 100 1608,576,1224,1200
130 100 1608,576,1224,1200
131 100 1560,576,1224,1224
132 100 1536,600,1224,1200
133 100 1512,600,1224,1200
134 100 1488,600,1224,1200
135 100 1440,600,1224,1200
136 100 1416,600,1224,1200
137 100 1368,600,1224,1200
138 100 1344,600,1224,1200
139 100 1296,600,1224,1200
140 100 1248,600,1224,1200
141 100 1224,576,1224,1224
142 100 1200,576,1224,1224
143 100 1176,576,1224,1200
144 100 1128,576,1224,1200
145 100 1104,576,1224,1200
146 100 1056,576,1224,1200
147 100 1032,576,1224,1200
148 100 960,552,1224,1224
149 100 936,552,1224,1224
150 100 864,552,1224,1224
151 100 864,552,1224,1224
152 100 792,576,1224,1200
153 100 744,576,1224,1200
154 100 720,576,1224,1200
155 100 672,576,1224,1200
156 100 648,576,1224,1200
157 100 576,576,1224,1200
158 100 552,576,1224,1200
159 100 480,576,1224,1200
160 100 456,576,1224,1200
161 100 384,576,1224,1200
162 100 384,576,1224,1200
163 100 312,576,1224,1200
164 100 312,576,1224,1200
165 100 240,552,1224,1224
166 100 216,576,1224,1200
167 100 144,552,1224,1224
168 100 120,552,1224,1224
169 100 48,552,1224,1200
170 100 48,552,1224,1200
171 100 0,552,1224,1200
172 100 0,552,1224,1200
173 100 0,552,1224,1200
174 100 0,552,1224,1200
175 100 24,552,1224,1200
176 100 0,528,1224,1224
177 100 0,528,1224,1224
178 100 0,528,1224,1224
179 100 0,528,1224,1224
180 100 0,528,1224,1224
181 100 24,528,1224,1224
182 100 24,528,1224,1224
183 100 72,528,1224,1224
184 100 72,528,1224,1200
185 100 48,528,1224,1200
186 100 24,528,1224,1200
187 100 24,528,1224,1200
188 100 24,528,1224,1200
189 100 24,504,1224,1224
190 100 24,504,1224,1224
191 100 3552,528,1224,1200
192 100 3576,504,1224,1224
193 100 3600,504,1224,1224
194 100 3624,504,1224,1224
195 100 3648,504,1224,1224
196 100 3672,504,1224,1224
197 100 3672,504,1224,1224
198 100 3672,504,1224,1224
199 100 3696,504,1224,1224
200 100 3696,504,1224,1224
201 100 3672,504,1224,1224
202 100 3672,504,1224,1224
203 100 3624,504,1224,1224
204 100 3624,504,1224,1224
205 100 3504,528,1224,1200
206 100 3480,528,1224,1200
207 100 3576,528,1224,1224
208 100 3552,528,1224,1224
209 100 3648,528,1224,1224
210 100 3720,528,1224,1224
211 100 3408,528,1224,1200
212 100 3408,528,1224,1200
213 100 3384,528,1224,1200
214 100 3408,528,1224,1200
215 100 3408,528,1224,1200
216 100 3408,528,1224,1200
217 100 3432,528,1224,1200
218 100 3432,528,1224,1200
219 100 3408,528,1224,1200
220 100 3408,528,1224,1200
221 100 3432,528,1224,1200
222 100 3456,528,1224,1200
223 100 3528,528,1224,1200
224 100 3528,528,1224,1200
225 100 72,504,1224,1224
226 100 96,504,1224,1224
227 100 0,504,1224,1200
228 100 0,504,1224,1200
229 100 72,504,1224,1200
230 100 96,504,1224,1200
231 100 48,480,1224,1224
232 100 0,480,1224,1200
233 100 0,480,1224,1200
234 100 0,456,1224,1200
235 100 0,432,1224,1224
236 100 0,432,1224,1224
237 100 0,408,1224,1224
238 100 0,408,1224,1200
239 100 0,408,1224,1200
240 100 24,384,1224,1224
241 100 24,384,1224,1224
242 100 0,384,1224,1224
243 100 24,384,1224,1200
244 100 0,384,1224,1200
245 100 0,384,1224,1200
246 100 0,384,1224,1200
247 100 0,384,1224,1200
248 100 0,384,1224,1200
249 100 0,384,1224,1200
250 100 0,384,1224,1224
251 100 0,384,1224,1224
252 100 0,384,1224,1224
253 100 24,408,1224,1224
254 100 24,408,1224,1224
255 100 24,408,1224,1224
256 100 96,432,1224,1200
257 100 120,432,1224,1200
258 100 120,432,1224,1200
259 100 144,432,1224,1200
260 100 168,408,1224,1224
261 100 168,408,1224,1224
262 100 168,408,1224,1224
263 100 192,408,1224,1224
264 100 192,408,1224,1224
265 100 192,408,1224,1224
266 100 192,408,1224,1224
267 100 192,408,1224,1224
268 100 216,408,1224,1224
269 100 216,408,1224,1224
270 100 216,408,1224,1224
271 100 240,408,1224,1224
272 100 240,408,1224,1224
273 100 240,432,1224,1200
274 100 264,432,1224,1200
275 100 264,432,1224,1200
276 100 264,408,1224,1224
277 100 264,408,1224,1224
278 100 288,408,1224,1224
279 100 288,408,1224,1200
280 100 288,408,1224,1200
281 100 312,408,1224,1200
282 100 312,408,1224,1200
283 100 336,384,1224,1224
284 100 360,384,1224,1224
285 100 360,384,1224,1224
286 100 360,384,1224,1200
287 100 384,384,1224,1200
288 100 384,384,1224,1200
289 100 384,384,1224,1200
290 100 384,384,1224,1200
291 100 408,384,1224,1200
292 100 432,384,1224,1200
293 100 432,384,1224,1200
294 100 456,360,1224,1200
295 100 456,360,1224,1200
296 100 456,360,1224,1200
297 100 480,336,1224,1224
298 100 480,360,1224,1200
299 100 480,360,1224,1200
300 100 504,360,1224,1200
301 100 504,336,1224,1224
302 100 504,336,1224,1224
303 100 552,336,1224,1200
304 100 576,336,1224,1200
305 100 576,336,1224,1200
306 100 624,336,1224,1224
307 100 648,336,1224,1224
308 100 648,336,1224,1224
309 100 696,360,1224,1224
310 100 696,360,1224,1200
311 100 720,360,1224,1200
312 100 744,336,1224,1224
313 100 744,336,1224,1224
314 100 744,336,1224,1224
315 100 768,336,1224,1200
316 100 768,336,1224,1224
317 100 768,336,1224,1224
318 100 840,360,1224,1200
319 100 840,360,1224,1224
320 100 840,360,1224,1224
321 100 888,384,1224,1200
322 100 888,384,1224,1200
323 100 888,384,1224,1200
324 100 936,408,1224,1200
325 100 936,408,1224,1200
326 100 936,408,1224,1200
327 100 984,408,1224,1200
328 100 984,408,1224,1200
329 100 984,408,1224,1200
330 100 1008,432,1224,1200
331 100 1008,432,1224,1200
332 100 1008,432,1224,1200
333 100 1032,456,1224,1200
334 100 1032,456,1224,1200
335 100 1032,456,1224,1200
336 100 1056,456,1224,1200
337 100 1056,456,1224,1200
338 100 1056,456,1224,1200
339 100 1080,480,1224,1200
340 100 1104,480,1224,1224
341 100 1104,480,1224,1224
342 100 1128,504,1224,1200
343 100 1128,504,1224,1200
344 100 1128,504,1224,1200
345 100 1128,504,1224,1224
346 100 1128,528,1224,1200
347 100 1128,552,1224,1200
348 100 1128,552,1224,1200
349 100 1152,552,1224,1200
350 100 1152,552,1224,1224
351 100 1176,552,1224,1224
352 100 1176,576,1224,1200
353 100 1152,576,1224,1224
354 100 1152,600,1224,1200
355 100 1152,600,1224,1200
356 100 1152,600,1224,1224
357 100 1128,600,1224,1200
358 100 1128,600,1224,1224
359 100 1104,624,1224,1200
360 100 1104,600,1224,1224
361 100 1128,600,1224,1224
362 100 1128,600,1224,1224
363 100 1152,624,1224,1200
364 100 1152,624,1224,1200
365 100 1128,600,1224,1200
366 100 1128,600,1224,1200
367 100 1128,576,1224,1224
368 100 1128,576,1224,1224
369 100 1128,576,1224,1224
370 100 1128,576,1224,1224
371 100 1128,576,1224,1224
372 100 1128,576,1224,1224
373 100 1128,576,1224,1224
374 100 1128,576,1224,1224
375 100 1128,576,1224,1224
376 100 1152,576,1224,1224
377 100 1152,576,1224,1224
378 100 1176,576,1224,1224
379 100 1176,576,1224,1224
380 100 1176,576,1224,1224
381 100 1152,576,1224,1200
382 100 1152,576,1224,1200
383 100 1152,576,1224,1200
384 100 1152,552,1224,1200
385 100 1176,528,1224,1200
386 100 1176,480,1224,1200
387 100 1176,456,1224,1224
388 100 1152,408,1224,1224
389 100 1128,408,1224,1200
390 100 1128,408,1224,1200
391 100 1128,408,1224,1200
392 100 1128,408,1224,1200
393 100 1128,408,1224,1200
394 100 1128,408,1224,1224
395 100 1128,408,1224,1224
396 100 1128,408,1224,1224
397 100 1128,408,1224,1224
398 100 1104,408,1224,1200
399 100 1104,384,1224,1224
400 100 1080,360,1224,1200
401 100 1080,336,1224,1224
402 100 1032,312,1224,1224
403 100 1032,312,1224,1200
404 100 984,288,1224,1200
405 100 984,288,1224,1200
406 100 984,288,1224,1224
407 100 984,288,1224,1224
408 100 1008,312,1224,1200
409 100 1008,312,1224,1200
410 100 1008,312,1224,1200
411 100 1008,312,1224,1224
412 100 1008,336,1224,1200
413 100 1032,360,1224,1200
414 100 1056,408,1224,1200
415 100 1056,408,1224,1200
416 100 1056,432,1224,1224
417 100 1080,456,1224,1224
418 100 1056,480,1224,1200
419 100 1056,480,1224,1200
420 100 1008,504,1224,1200
421 100 1008,504,1224,1224
422 100 984,504,1224,1200
423 100 984,504,1224,1224
424 100 960,528,1224,1200
425 100 960,528,1224,1200
426 100 936,528,1224,1224
427 100 936,528,1224,1224
428 100 912,552,1224,1200
429 100 912,552,1224,1200
430 100 888,552,1224,1224
431 100 888,552,1224,1224
432 100 888,576,1224,1200
433 100 864,576,1224,1200
434 100 864,552,1224,1224
435 100 840,552,1224,1224
436 100 816,552,1224,1224
437 100 816,552,1224,1200
438 100 768,552,1224,1224
439 100 768,552,1224,1224
440 100 720,552,1224,1200
441 100 720,552,1224,1224
442 100 696,552,1224,1200
443 100 672,552,1224,1200
444 100 672,552,1224,1200
445 100 648,552,1224,1200
446 100 648,552,1224,1200
447 100 624,552,1224,1200
448 100 600,552,1224,1200
449 100 600,552,1224,1200
450 100 576,552,1224,1200
451 100 552,552,1224,1200
452 100 552,552,1224,1200
453 100 528,552,1224,1200
454 100 504,552,1224,1200
455 100 504,552,1224,1200
456 100 480,552,1224,1200
457 100 480,552,1224,1200
458 100 480,552,1224,1200
459 100 432,552,1224,1200
460 100 432,552,1224,1200
461 100 432,552,1224,1200
462 100 384,552,1224,1200
463 100 384,552,1224,1200
464 100 384,552,1224,1200
465 100 360,528,1224,1224
466 100 360,528,1224,1200
467 100 360,528,1224,1200
468 100 336,528,1224,1200
469 100 336,528,1224,1200
470 100 336,528,1224,1200
471 100 312,528,1224,1200
472 100 312,528,1224,1200
473 100 312,528,1224,1200
474 100 288,504,1224,1200
475 100 288,480,1224,1224
476 100 288,480,1224,1224
477 100 264,480,1224,1200
478 100 264,480,1224,1200
479 100 264,480,1224,1200
480 100 240,456,1224,1200
481 100 240,456,1224,1200
482 100 240,456,1224,1200
483 100 216,432,1224,1200
484 100 192,432,1224,1200
485 100 192,432,1224,1200
486 100 168,384,1224,1224
487 100 144,384,1224,1224
488 100 144,384,1224,1224
489 100 120,360,1224,1200
490 100 96,336,1224,1224
491 100 96,336,1224,1224
492 100 96,336,1224,1224
493 100 96,336,1224,1224
494 100 96,336,1224,1224
495 100 96,336,1224,1224
496 100 96,336,1224,1224
497 100 72,312,1224,1224
498 100 72,312,1224,1224
499 100 72,312,1224,1224
500 100 48,312,1224,1200
501 100 48,312,1224,1200
502 100 48,312,1224,1200
503 100 24,288,1224,1224
504 100 24,288,1224,1224
505 100 24,288,1224,1224
506 100 24,312,1224,1224
507 100 48,312,1224,1224
508 100 48,312,1224,1224
509 100 24,312,1224,1200
510 100 24,312,1224,1200
511 100 24,312,1224,1200
512 100 24,288,1224,1224
513 100 24,288,1224,1224
514 100 24,288,1224,1224
515 100 48,312,1224,1200
516 100 48,312,1224,1200
517 100 48,312,1224,1200
518 100 48,312,1224,1224
519 100 48,312,1224,1224
520 100 48,312,1224,1224
521 100 24,336,1224,1200
522 100 24,336,1224,1224
523 100 24,336,1224,1224
524 100 0,360,1224,1200
525 100 0,360,1224,1200
526 100 0,360,1224,1200
527 100 0,336,1224,1224
528 100 0,336,1224,1224
529 100 0,336,1224,1224
530 100 0,336,1224,1200
531 100 0,336,1224,1200
532 100 0,336,1224,1200
533 100 0,336,1224,1200
534 100 0,336,1224,1200
535 100 0,336,1224,1200
536 100 0,360,1224,1200
537 100 0,360,1224,1200
538 100 0,360,1224,1200
539 100 0,384,1224,1200
540 100 0,384,1224,1200
541 100 0,384,1224,1200
542 100 24,432,1224,1200
543 100 0,456,1224,1200
544 100 24,456,1224,1200
545 100 24,456,1224,1200
546 100 0,456,1224,1224
547 100 24,480,1224,1200
548 100 24,480,1224,1200
549 100 0,480,1224,1224
550 100 24,504,1224,1200
551 100 24,504,1224,1200
552 100 24,528,1224,1224
553 100 24,528,1224,1224
554 100 24,528,1224,1224
555 100 0,552,1224,1224
556 100 24,600,1224,1200
557 100 0,600,1224,1200
558 100 0,600,1224,1200
559 100 0,624,1224,1224
560 100 0,624,1224,1224
561 100 24,696,1224,1224
562 100 0,720,1224,1200
563 100 0,720,1224,1200
564 100 0,768,1224,1200
565 100 0,768,1224,1200
566 100 0,768,1224,1200
567 100 0,768,1224,1224
568 100 0,768,1224,1224
569 100 0,768,1224,1224
570 100 0,792,1224,1200
571 100 24,792,1224,1224
572 100 24,792,1224,1224
573 100 0,816,1224,1200
574 100 0,816,1224,1200
575 100 0,816,1224,1200
576 100 48,792,1224,1200
577 100 96,792,1224,1200
578 100 144,792,1224,1200
579 100 168,768,1224,1224
580 100 216,768,1224,1200
581 100 240,744,1224,1224
582 100 264,744,1224,1200
583 100 288,744,1224,1200
584 100 264,744,1224,1200
585 100 264,720,1224,1224
586 100 264,720,1224,1224
587 100 264,720,1224,1200
588 100 264,720,1224,1200
589 100 288,720,1224,1200
590 100 288,720,1224,1200
591 100 288,696,1224,1224
592 100 288,696,1224,1200
593 100 288,696,1224,1200
594 100 312,672,1224,1200
595 100 312,672,1224,1200
596 100 312,672,1224,1200
597 100 336,648,1224,1200
598 100 336,648,1224,1200
599 100 336,624,1224,1224
600 100 360,624,1224,1224
601 100 360,624,1224,1200
602 100 384,624,1224,1200
603 100 408,624,1224,1200
604 100 408,600,1224,1224
605 100 432,600,1224,1200
606 100 456,600,1224,1200
607 100 480,600,1224,1200
608 100 480,600,1224,1200
609 100 504,576,1224,1224
610 100 528,576,1224,1224
611 100 552,576,1224,1200
612 100 552,576,1224,1224
613 100 576,576,1224,1224
614 100 576,576,1224,1224
615 100 576,576,1224,1200
616 100 576,576,1224,1200
617 100 576,552,1224,1224
618 100 576,552,1224,1200
619 100 552,552,1224,1224
620 100 528,552,1224,1224
621 100 504,576,1224,1200
622 100 504,576,1224,1200
623 100 480,576,1224,1200
624 100 480,576,1224,1200
625 100 456,576,1224,1200
626 100 456,552,1224,1224
627 100 456,552,1224,1224
628 100 456,552,1224,1224
629 100 432,552,1224,1224
630 100 408,552,1224,1200
631 100 384,552,1224,1200
632 100 384,552,1224,1200
633 100 360,552,1224,1200
634 100 336,552,1224,1200
635 100 312,528,1224,1224
636 100 312,528,1224,1224
637 100 288,528,1224,1224
638 100 288,528,1224,1224
639 100 264,528,1224,1200
640 100 240,528,1224,1200
641 100 192,528,1224,1224
642 100 192,528,1224,1224
643 100 168,552,1224,1200
644 100 144,552,1224,1200
645 100 120,552,1224,1224
646 100 96,552,1224,1224
647 100 96,576,1224,1200
648 100 72,552,1224,1224
649 100 72,552,1224,1200
650 100 48,552,1224,1224
651 100 48,552,1224,1200
652 100 24,552,1224,1224
653 100 0,552,1224,1224
654 100 0,576,1224,1200
655 100 24,552,1224,1224
656 100 0,552,1224,1200
657 100 0,528,1224,1224
658 100 24,528,1224,1224
659 100 0,528,1224,1224
660 100 24,528,1224,1200
661 100 24,528,1224,1224
662 100 24,528,1224,1224
663 100 24,528,1224,1200
664 100 0,528,1224,1200
665 100 0,528,1224,1200
666 100 48,528,1224,1200
667 100 24,528,1224,1200
668 100 0,528,1224,1200
669 100 0,528,1224,1200
670 100 48,528,1224,1200
671 100 0,528,1224,1200
672 100 48,528,1224,1224
673 100 120,528,1224,1224
674 100 48,552,1224,1200
675 100 3408,552,1224,1200
676 100 0,576,1224,1200
677 100 3504,576,1224,1200
678 100 0,552,1224,1224
679 100 3408,552,1224,1200
680 100 3528,552,1224,1200
681 100 3576,528,1224,1224
682 100 3648,528,1224,1224
683 100 3696,528,1224,1224
684 100 3648,528,1224,1224
685 100 3600,528,1224,1224
686 100 3552,528,1224,1224
687 100 3600,528,1224,1224
688 100 3360,528,1224,1224
689 100 3408,528,1224,1200
690 100 3408,528,1224,1200
691 100 3480,528,1224,1200
692 100 3288,528,1224,1200
693 100 3312,504,1224,1224
694 100 3360,504,1224,1224
695 100 3360,504,1224,1224
696 100 3192,504,1224,1224
697 100 3216,504,1224,1224
698 100 3192,504,1224,1224
699 100 3168,504,1224,1224
700 100 3192,504,1224,1224
701 100 3168,504,1224,1224
702 100 3144,528,1224,1200
703 100 3120,528,1224,1200
704 100 3144,504,1224,1224
705 100 3048,504,1224,1224
706 100 3096,504,1224,1200
707 100 3024,504,1224,1200
708 100 2952,480,1224,1224
709 100 2976,480,1224,1224
710 100 2976,480,1224,1200
711 100 2904,480,1224,1200
712 100 2928,456,1224,1224
713 100 2880,456,1224,1200
714 100 2856,432,1224,1224
715 100 2880,432,1224,1200
716 100 2808,408,1224,1224
717 100 2736,408,1224,1200
718 100 2736,408,1224,1200
719 100 2712,384,1224,1224
720 100 2712,384,1224,1200
721 100 2688,360,1224,1224
722 100 2688,360,1224,1200
723 100 2688,360,1224,1200
724 100 2688,336,1224,1224
725 100 2712,336,1224,1200
726 100 2736,312,1224,1224
727 100 2760,312,1224,1200
728 100 2784,312,1224,1200
729 100 2808,288,1224,1224
730 100 2928,288,1224,1200
731 100 2952,288,1224,1200
732 100 2928,288,1224,1200
733 100 3000,264,1224,1224
734 100 3000,264,1224,1200
735 100 3024,264,1224,1200
736 100 3048,264,1224,1200
737 100 3024,264,1224,1200
738 100 3048,264,1224,1200
739 100 3048,264,1224,1200
740 100 3048,264,1224,1200
741 100 3048,264,1224,1200
742 100 3072,264,1224,1200
743 100 3072,264,1224,1200
744 100 3048,264,1224,1200
745 100 3072,264,1224,1200
746 100 3096,240,1224,1224
747 100 3120,240,1224,1224
748 100 3168,240,1224,1200
749 100 3192,240,1224,1200
750 100 3072,216,1224,1224
751 100 3120,216,1224,1224
752 100 3144,216,1224,1200
753 100 3192,216,1224,1200
754 100 3168,216,1224,1200
755 100 3192,216,1224,1200
756 100 3144,216,1224,1200
757 100 3096,216,1224,1224
758 100 3048,216,1224,1224
759 100 3192,240,1224,1200
760 100 3192,240,1224,1200
761 100 3144,240,1224,1200
762 100 3144,240,1224,1224
763 100 3144,240,1224,1200
764 100 3192,240,1224,1200
765 100 3192,240,1224,1200
766 100 3192,240,1224,1200
767 100 3192,240,1224,1200
768 100 3192,240,1224,1200
769 100 3216,240,1224,1200
770 100 3192,240,1224,1200
771 100 3216,240,1224,1200
772 100 3216,240,1224,1200
773 100 3216,240,1224,1200
774 100 3192,240,1224,1200
775 100 3096,240,1224,1224
776 100 3072,240,1224,1224
777 100 3216,288,1224,1200
778 100 3096,312,1224,1200
779 100 3120,336,1224,1200
780 100 3120,360,1224,1200
781 100 3240,360,1224,1200
782 100 3168,384,1224,1224
783 100 3120,408,1224,1200
784 100 3240,432,1224,1200
785 100 3264,432,1224,1200
786 100 3168,432,1224,1224
787 100 3144,456,1224,1200
788 100 3216,456,1224,1200
789 100 3144,480,1224,1200
790 100 3144,480,1224,1200
791 100 3120,504,1224,1200
792 100 3168,504,1224,1224
793 100 3120,528,1224,1200
794 100 3216,528,1224,1200
795 100 3144,552,1224,1200
796 100 3144,552,1224,1200
797 100 3144,552,1224,1200
798 100 3144,552,1224,1200
799 100 3144,552,1224,1200
800 100 3144,552,1224,1200
801 100 3144,552,1224,1200
802 100 3120,552,1224,1200
803 100 3120,552,1224,1200
804 100 3120,552,1224,1200
805 100 3096,552,1224,1200
806 100 3072,552,1224,1224
807 100 3096,576,1224,1200
808 100 3096,576,1224,1200
809 100 3000,600,1224,1200
810 100 2976,600,1224,1200
811 100 2976,624,1224,1200
812 100 2976,624,1224,1200
813 100 2904,624,1224,1200
814 100 2904,624,1224,1200
815 100 2904,624,1224,1200
816 100 2904,624,1224,1200
817 100 2904,624,1224,1200
818 100 2904,624,1224,1200
819 100 2928,600,1224,1224
820 100 2928,600,1224,1224
821 100 2856,600,1224,1224
822 100 2856,600,1224,1224
823 100 2856,600,1224,1200
824 100 2856,600,1224,1200
825 100 2904,600,1224,1200
826 100 2928,576,1224,1224
827 100 2952,576,1224,1200
828 100 2952,576,1224,1200
829 100 2952,576,1224,1200
830 100 2952,576,1224,1200
831 100 2952,576,1224,1200
832 100 2952,576,1224,1200
833 100 2952,576,1224,1200
834 100 2880,576,1224,1200
835 100 2880,576,1224,1200
836 100 2880,576,1224,1200
837 100 2904,576,1224,1200
838 100 2832,576,1224,1200
839 100 2808,576,1224,1200
840 100 2832,576,1224,1200
841 100 2832,576,1224,1200
842 100 2760,552,1224,1224
843 100 2760,552,1224,1224
844 100 2712,552,1224,1224
845 100 2712,552,1224,1224
846 100 2688,576,1224,1200
847 100 2688,576,1224,1200
848 100 2688,576,1224,1200
849 100 2688,576,1224,1200
850 100 2688,576,1224,1200
851 100 2688,576,1224,1200
852 100 2688,576,1224,1200
853 100 2616,576,1224,1200
854 100 2616,576,1224,1200
855 100 2592,576,1224,1200
856 100 2592,576,1224,1200
857 100 2568,552,1224,1224
858 100 2568,552,1224,1224
859 100 2544,552,1224,1200
860 100 2544,552,1224,1200
861 100 2544,552,1224,1200
862 100 2544,552,1224,1200
863 100 2520,552,1224,1200
864 100 2520,552,1224,1200
865 100 2496,552,1224,1224
866 100 2496,552,1224,1224
867 100 2472,552,1224,1224
868 100 2472,552,1224,1224
869 100 2448,552,1224,1224
870 100 2448,552,1224,1224
871 100 2448,552,1224,1224
872 100 2448,552,1224,1224
873 100 2424,552,1224,1200
874 100 2424,552,1224,1200
875 100 2400,552,1224,1224
876 100 2400,552,1224,1224
877 100 2376,552,1224,1224
878 100 2376,552,1224,1224
879 100 2376,552,1224,1224
880 100 2352,552,1224,1224
881 100 2352,552,1224,1224
882 100 2352,552,1224,1224
883 100 2352,552,1224,1224
884 100 2352,552,1224,1224
885 100 2328,552,1224,1224
886 100 2328,552,1224,1224
887 100 2328,576,1224,1200
888 100 2328,576,1224,1200
889 100 2304,576,1224,1200
890 100 2304,576,1224,1200
891 100 2304,576,1224,1224
892 100 2304,576,1224,1224
893 100 2304,576,1224,1224
894 100 2304,576,1224,1224
895 100 2304,576,1224,1224
896 100 2304,576,1224,1224
897 100 2304,600,1224,1200
898 100 2304,600,1224,1200
899 100 2304,600,1224,1200
900 100 2304,576,1224,1224
901 100 2304,576,1224,1224
902 100 2304,576,1224,1200
903 100 2304,552,1224,1224
904 100 2304,552,1224,1224
905 100 2304,552,1224,1200
906 100 2328,528,1224,1224
907 100 2328,528,1224,1200
908 100 2328,528,1224,1200
909 100 2328,504,1224,1224
910 100 2328,504,1224,1224
911 100 2328,504,1224,1224
912 100 2328,504,1224,1200
913 100 2328,504,1224,1200
914 100 2328,504,1224,1200
915 100 2352,504,1224,1200
916 100 2352,504,1224,1200
917 100 2352,480,1224,1224
918 100 2352,480,1224,1200
919 100 2352,480,1224,1200
920 100 2376,480,1224,1200
921 100 2376,480,1224,1200
922 100 2376,480,1224,1200
923 100 2376,480,1224,1200
924 100 2376,480,1224,1200
925 100 2376,480,1224,1200
926 100 2376,480,1224,1224
927 100 2376,480,1224,1224
928 100 2376,480,1224,1224
929 100 2376,480,1224,1224
930 100 2376,480,1224,1200
931 100 2376,480,1224,1200
932 100 2352,432,1224,1200
933 100 2352,408,1224,1200
934 100 2328,360,1224,1224
935 100 2328,360,1224,1200
936 100 2328,336,1224,1200
937 100 2328,312,1224,1224
938 100 2328,288,1224,1224
939 100 2328,288,1224,1200
940 100 2328,264,1224,1224
941 100 2352,264,1224,1224
942 100 2352,264,1224,1224
943 100 2352,264,1224,1200
944 100 2352,264,1224,1200
945 100 2352,240,1224,1224
946 100 2352,240,1224,1200
947 100 2352,240,1224,1200
948 100 2328,216,1224,1200
949 100 2328,216,1224,1200
950 100 2328,216,1224,1200
951 100 2328,192,1224,1200
952 100 2328,192,1224,1200
953 100 2328,192,1224,1200
954 100 2328,216,1224,1200
955 100 2352,216,1224,1200
956 100 2376,240,1224,1224
957 100 2400,264,1224,1200
958 100 2448,336,1224,1224
959 100 2472,360,1224,1224
960 100 2520,408,1224,1200
961 100 2544,432,1224,1200
962 100 2544,432,1224,1200
963 100 2616,480,1224,1200
964 100 2592,480,1224,1224
965 100 2592,480,1224,1224
966 100 2592,504,1224,1224
967 100 2592,504,1224,1224
968 100 2592,504,1224,1224
969 100 2592,504,1224,1224
970 100 2592,504,1224,1224
971 100 2592,504,1224,1224
972 100 2592,504,1224,1224
973 100 2616,504,1224,1224
974 100 2616,504,1224,1224
975 100 2640,528,1224,1200
976 100 2640,528,1224,1200
977 100 2640,528,1224,1200
978 100 2784,528,1224,1200
979 100 2832,528,1224,1200
980 100 2832,528,1224,1200
981 100 2952,504,1224,1224
982 100 2976,504,1224,1200
983 100 2976,504,1224,1200
984 100 3192,480,1224,1200
985 100 3240,480,1224,1200
986 100 3240,480,1224,1200
987 100 3600,456,1224,1224
988 100 3648,456,1224,1224
989 100 3648,456,1224,1224
990 100 3432,432,1224,1200
991 100 3480,432,1224,1200
992 100 3480,432,1224,1200
993 100 3408,384,1224,1200
994 100 3456,384,1224,1200
995 100 3456,384,1224,1200
996 100 120,360,1224,1224
997 100 3384,360,1224,1200
998 100 3384,360,1224,1200
999 100 96,336,1224,1224
1000 100 0,336,1224,1224
1001 100 0,336,1224,1224
1002 100 24,336,1224,1224
1003 100 48,336,1224,1224
1004 100 0,336,1224,1224
1005 100 24,336,1224,1224
1006 100 0,336,1224,1224
1007 100 24,336,1224,1224
1008 100 24,336,1224,1224
1009 100 0,336,1224,1224
1010 100 0,336,1224,1224
1011 100 0,336,1224,1224
1012 100 0,312,1224,1224
1013 100 0,312,1224,1224
1014 100 0,312,1224,1224
1015 100 0,288,1224,1224
1016 100 0,288,1224,1224
1017 100 0,288,1224,1224
1018 100 0,264,1224,1200
1019 100 0,264,1224,1224
1020 100 0,264,1224,1224
1021 100 0,264,1224,1224
1022 100 0,264,1224,1224
1023 100 0,264,1224,1224
1024 100 0,264,1224,1224
1025 100 24,264,1224,1224
1026 100 24,264,1224,1224
1027 100 96,264,1224,1224
1028 100 96,264,1224,1224
1029 100 144,264,1224,1200
1030 100 168,264,1224,1200
1031 100 168,264,1224,1200
1032 100 216,264,1224,1200
1033 100 240,264,1224,1200
1034 100 240,264,1224,1200
1035 100 312,264,1224,1224
1036 100 336,264,1224,1224
1037 100 336,264,1224,1224
1038 100 432,264,1224,1224
1039 100 456,264,1224,1224
1040 100 456,264,1224,1224
1041 100 552,264,1224,1224
1042 100 576,288,1224,1200
1043 100 576,288,1224,1200
1044 100 648,288,1224,1200
1045 100 648,288,1224,1200
1046 100 648,288,1224,1200
1047 100 696,264,1224,1200
1048 100 696,264,1224,1200
1049 100 696,264,1224,1200
1050 100 720,216,1224,1200
1051 100 720,192,1224,1224
1052 100 720,192,1224,1224
1053 100 720,168,1224,1200
1054 100 720,168,1224,1200
1055 100 720,168,1224,1200
1056 100 744,144,1224,1200
1057 100 744,144,1224,1200
1058 100 744,144,1224,1200
1059 100 768,120,1224,1200
1060 100 768,120,1224,1200
1061 100 768,120,1224,1200
1062 100 792,120,1224,1200
1063 100 792,120,1224,1200
1064 100 792,120,1224,1200
1065 100 792,120,1224,1200
1066 100 816,120,1224,1200
1067 100 816,120,1224,1200
1068 100 816,120,1224,1200
1069 100 816,96,1224,1224
1070 100 816,96,1224,1224
1071 100 816,96,1224,1224
1072 100 768,72,1224,1224
1073 100 768,72,1224,1224
1074 100 768,72,1224,1224
1075 100 720,72,1224,1248
1076 100 720,72,1224,1248
1077 100 720,72,1224,1248
1078 100 696,72,1224,1224
1079 100 696,72,1224,1224
1080 100 696,72,1224,1224
1081 100 696,72,1224,1200
1082 100 696,72,1224,1200
1083 100 696,72,1224,1200
1084 100 744,72,1224,1200
1085 100 744,72,1224,1200
1086 100 744,72,1224,1200
1087 100 816,96,1224,1224
1088 100 840,120,1224,1200
1089 100 840,120,1224,1200
1090 100 960,168,1224,1224
1091 100 984,192,1224,1200
1092 100 984,192,1224,1200
1093 100 1128,264,1224,1200
1094 100 1152,264,1224,1224
1095 100 1152,264,1224,1224
1096 100 1200,312,1224,1224
1097 100 1224,336,1224,1200
1098 100 1224,336,1224,1200
1099 100 1272,360,1224,1224
1100 100 1296,384,1224,1200
1101 100 1296,384,1224,1200
1102 100 1296,384,1224,1200
1103 100 1344,408,1224,1200
1104 100 1344,408,1224,1200
1105 100 1344,408,1224,1200
1106 100 1368,432,1224,1200
1107 100 1368,432,1224,1200
1108 100 1368,432,1224,1200
1109 100 1416,456,1224,1200
1110 100 1416,456,1224,1224
1111 100 1416,456,1224,1224
1112 100 1488,504,1224,1200
1113 100 1512,504,1224,1200
1114 100 1512,504,1224,1200
1115 100 1584,504,1224,1200
1116 100 1584,504,1224,1200
1117 100 1584,504,1224,1200
1118 100 1632,504,1224,1200
1119 100 1656,504,1224,1200
1120 100 1656,504,1224,1200
1121 100 1680,480,1224,1200
1122 100 1680,480,1224,1200
1123 100 1680,480,1224,1200
1124 100 1704,456,1224,1200
1125 100 1704,456,1224,1200
1126 100 1704,456,1224,1200
1127 100 1728,432,1224,1200
1128 100 1728,432,1224,1200
1129 100 1728,432,1224,1200
1130 100 1728,432,1224,1200
1131 100 1728,432,1224,1200
1132 100 1728,432,1224,1200
1133 100 1704,408,1224,1224
1134 100 1704,408,1224,1224
1135 100 1704,408,1224,1224
1136 100 1704,408,1224,1200
1137 100 1704,408,1224,1200
1138 100 1704,408,1224,1200
1139 100 1728,408,1224,1224
1140 100 1728,432,1224,1200
1141 100 1728,432,1224,1200
1142 100 1752,432,1224,1200
1143 100 1752,432,1224,1200
1144 100 1752,432,1224,1200
1145 100 1752,432,1224,1200
1146 100 1752,432,1224,1200
1147 100 1752,432,1224,1200
1148 100 1752,432,1224,1200
1149 100 1800,408,1224,1224
1150 100 1824,408,1224,1224
1151 100 1848,408,1224,1224
1152 100 1848,408,1224,1224
1153 100 1848,432,1224,1200
1154 100 1848,408,1224,1224
1155 100 1848,408,1224,1224
1156 100 1848,408,1224,1200
1157 100 1848,408,1224,1200
1158 100 1848,408,1224,1200
1159 100 1848,408,1224,1200
1160 100 1872,384,1224,1224
1161 100 1872,384,1224,1224
1162 100 1872,408,1224,1200
1163 100 1848,408,1224,1200
1164 100 1848,408,1224,1200
1165 100 1752,432,1224,1224
1166 100 1704,456,1224,1200
1167 100 1608,456,1224,1224
1168 100 1560,456,1224,1224
1169 100 1488,456,1224,1200
1170 100 1464,456,1224,1200
1171 100 1416,456,1224,1200
1172 100 1416,456,1224,1200
1173 100 1392,456,1224,1200
1174 100 1392,456,1224,1200
1175 100 1368,456,1224,1200
1176 100 1368,456,1224,1200
1177 100 1368,456,1224,1200
1178 100 1344,456,1224,1200
1179 100 1344,456,1224,1200
1180 100 1320,456,1224,1200
1181 100 1320,456,1224,1200
1182 100 1320,456,1224,1224
1183 100 1344,456,1224,1224
1184 100 1344,456,1224,1224
1185 100 1344,504,1224,1224
1186 100 1344,528,1224,1200
1187 100 1344,528,1224,1200
1188 100 1320,576,1224,1200
1189 100 1320,576,1224,1224
1190 100 1320,576,1224,1224
1191 100 1320,600,1224,1200
1192 100 1296,648,1224,1200
1193 100 1296,648,1224,1200
1194 100 1296,648,1224,1200
1195 100 1272,672,1224,1200
1196 100 1272,672,1224,1200
1197 100 1272,672,1224,1200
1198 100 1320,576,1224,1200
1199 100 1344,552,1224,1200
1200 100 1344,552,1224,1200
1201 100 1320,456,1224,1200
1202 100 1320,432,1224,1200
1203 100 1320,432,1224,1200
1204 100 1296,384,1224,1200
1205 100 1296,384,1224,1200
1206 100 1296,384,1224,1200
1207 100 1248,336,1224,1200
1208 100 1248,336,1224,1200
1209 100 1248,336,1224,1200
1210 100 1224,312,1224,1200
1211 100 1224,312,1224,1200
1212 100 1224,312,1224,1200
1213 100 1224,288,1224,1224
1214 100 1224,288,1224,1224
1215 100 1224,288,1224,1224
1216 100 1200,288,1224,1200
1217 100 1200,288,1224,1200
1218 100 1200,288,1224,1200
1219 100 1200,264,1224,1224
1220 100 1200,264,1224,1224
1221 100 1200,264,1224,1224
1222 100 1176,264,1224,1224
1223 100 1176,264,1224,1224
1224 100 1152,264,1224,1224
1225 100 1152,264,1224,1224
1226 100 1152,264,1224,1224
1227 100 1152,264,1224,1224
1228 100 1152,264,1224,1224
1229 100 1152,264,1224,1224
1230 100 1152,264,1224,1200
1231 100 1152,264,1224,1200
1232 100 1152,264,1224,1200
1233 100 1152,240,1224,1224
1234 100 1152,240,1224,1224
1235 100 1152,240,1224,1224
1236 100 1128,240,1224,1224
1237 100 1128,240,1224,1224
1238 100 1128,240,1224,1224
1239 100 1128,240,1224,1224
1240 100 1152,240,1224,1224
1241 100 1128,240,1224,1224
1242 100 1128,240,1224,1224
1243 100 1128,240,1224,1224
1244 100 1128,264,1224,1200
1245 100 1128,264,1224,1200
1246 100 1104,264,1224,1224
1247 100 1104,264,1224,1224
1248 100 1104,288,1224,1200
1249 100 1104,288,1224,1200
1250 100 1128,288,1224,1224
1251 100 1128,288,1224,1224
1252 100 1128,312,1224,1200
1253 100 1152,312,1224,1224
1254 100 1152,336,1224,1200
1255 100 1152,336,1224,1224
1256 100 1152,360,1224,1200
1257 100 1152,360,1224,1200
1258 100 1152,360,1224,1224
1259 100 1152,360,1224,1224
1260 100 1152,360,1224,1224
1261 100 1152,384,1224,1200
1262 100 1152,384,1224,1224
1263 100 1152,408,1224,1200
1264 100 1176,432,1224,1200
1265 100 1176,432,1224,1224
1266 100 1176,456,1224,1200
1267 100 1176,456,1224,1200
1268 100 1176,456,1224,1200
1269 100 1176,456,1224,1200
1270 100 1152,456,1224,1200
1271 100 1152,456,1224,1200
1272 100 1152,456,1224,1200
1273 100 1152,456,1224,1200
1274 100 1152,456,1224,1200
1275 100 1152,456,1224,1200
1276 100 1152,456,1224,1200
1277 100 1152,456,1224,1200
1278 100 1152,456,1224,1200
1279 100 1152,456,1224,1200
1280 100 1152,456,1224,1224
1281 100 1152,456,1224,1200
1282 100 1152,456,1224,1200
1283 100 1152,456,1224,1200
1284 100 1152,456,1224,1200
1285 100 1152,456,1224,1200
1286 100 1152,456,1224,1200
1287 100 1128,456,1224,1200
1288 100 1104,432,1224,1224
1289 100 1080,432,1224,1200
1290 100 1032,408,1224,1224
1291 100 984,408,1224,1200
1292 100 912,384,1224,1224
1293 100 864,384,1224,1200
1294 100 840,384,1224,1224
1295 100 840,384,1224,1224
1296 100 816,384,1224,1224
1297 100 816,384,1224,1224
1298 100 816,408,1224,1200
1299 100 816,408,1224,1200
1300 100 816,408,1224,1200
1301 100 792,408,1224,1224
1302 100 792,408,1224,1224
1303 100 768,432,1224,1200
1304 100 768,432,1224,1200
1305 100 768,432,1224,1200
1306 100 768,432,1224,1224
1307 100 768,456,1224,1200
1308 100 744,456,1224,1200
1309 100 744,456,1224,1200
1310 100 744,456,1224,1200
1311 100 720,456,1224,1200
1312 100 720,432,1224,1224
1313 100 696,432,1224,1224
1314 100 696,432,1224,1224
1315 100 696,432,1224,1200
1316 100 672,408,1224,1224
1317 100 672,408,1224,1200
1318 100 648,360,1224,1224
1319 100 624,360,1224,1200
1320 100 600,336,1224,1224
1321 100 600,336,1224,1200
1322 100 576,336,1224,1200
1323 100 576,312,1224,1224
1324 100 576,312,1224,1224
1325 100 576,312,1224,1224
1326 100 552,312,1224,1224
1327 100 552,312,1224,1224
1328 100 552,312,1224,1224
1329 100 528,312,1224,1224
1330 100 528,312,1224,1200
1331 100 528,312,1224,1200
1332 100 504,312,1224,1200
1333 100 504,288,1224,1224
1334 100 504,288,1224,1224
1335 100 480,288,1224,1224
1336 100 480,288,1224,1200
1337 100 456,288,1224,1200
1338 100 456,288,1224,1200
1339 100 456,288,1224,1224
1340 100 432,288,1224,1224
1341 100 432,312,1224,1200
1342 100 432,312,1224,1224
1343 100 432,336,1224,1200
1344 100 432,336,1224,1224
1345 100 408,360,1224,1200
1346 100 408,360,1224,1200
1347 100 408,360,1224,1200
1348 100 408,360,1224,1224
1349 100 384,360,1224,1200
1350 100 384,360,1224,1224
1351 100 408,360,1224,1224
1352 100 408,384,1224,1200
1353 100 408,384,1224,1200
1354 100 432,384,1224,1200
1355 100 432,384,1224,1200
1356 100 456,384,1224,1200
1357 100 456,384,1224,1200
1358 100 480,384,1224,1200
1359 100 480,384,1224,1224
1360 100 504,384,1224,1224
1361 100 504,384,1224,1224
1362 100 528,384,1224,1224
1363 100 528,384,1224,1224
1364 100 552,408,1224,1200
1365 100 552,408,1224,1200
1366 100 552,408,1224,1200
1367 100 552,408,1224,1224
1368 100 552,408,1224,1224
1369 100 552,432,1224,1200
1370 100 552,408,1224,1224
1371 100 552,408,1224,1224
1372 100 552,432,1224,1200
1373 100 552,408,1224,1224
1374 100 552,408,1224,1224
1375 100 528,408,1224,1200
1376 100 528,408,1224,1200
1377 100 528,384,1224,1224
1378 100 504,384,1224,1200
1379 100 528,384,1224,1200
1380 100 528,384,1224,1200
1381 100 528,384,1224,1200
1382 100 552,384,1224,1200
1383 100 552,384,1224,1200
1384 100 552,384,1224,1200
1385 100 552,384,1224,1200
1386 100 552,384,1224,1224
1387 100 552,384,1224,1224
1388 100 552,408,1224,1200
1389 100 528,408,1224,1200
1390 100 528,408,1224,1200
1391 100 528,408,1224,1200
1392 100 528,408,1224,1200
1393 100 528,408,1224,1200
1394 100 528,408,1224,1200
1395 100 528,408,1224,1200
1396 100 528,408,1224,1200
1397 100 528,384,1224,1200
1398 100 528,384,1224,1200
1399 100 528,384,1224,1200
1400 100 528,384,1224,1200
1401 100 528,384,1224,1200
1402 100 528,384,1224,1200
1403 100 528,384,1224,1200
1404 100 528,384,1224,1224
1405 100 528,408,1224,1200
1406 100 528,384,1224,1224
1407 100 528,384,1224,1224
1408 100 528,408,1224,1200
1409 100 552,408,1224,1200
1410 100 552,408,1224,1224
1411 100 552,408,1224,1224
1412 100 528,408,1224,1224
1413 100 528,408,1224,1224
1414 100 528,408,1224,1224
1415 100 528,432,1224,1200
1416 100 528,432,1224,1200
1417 100 552,432,1224,1200
1418 100 552,432,1224,1200
1419 100 552,432,1224,1224
1420 100 552,432,1224,1224
1421 100 552,432,1224,1224
1422 100 552,432,1224,1200
1423 100 528,432,1224,1200
1424 100 528,432,1224,1200
1425 100 528,432,1224,1200
1426 100 528,432,1224,1200
1427 100 528,408,1224,1224
1428 100 528,408,1224,1224
1429 100 528,432,1224,1200
1430 100 504,408,1224,1224
1431 100 504,408,1224,1224
1432 100 504,408,1224,1224
1433 100 480,408,1224,1200
1434 100 480,408,1224,1200
1435 100 456,408,1224,1200
1436 100 432,408,1224,1200
1437 100 408,384,1224,1224
1438 100 408,384,1224,1200
1439 100 408,384,1224,1200
1440 100 384,384,1224,1200
1441 100 384,384,1224,1200
1442 100 384,384,1224,1200
1443 100 360,384,1224,1200
1444 100 360,384,1224,1224
1445 100 360,408,1224,1200
1446 100 360,432,1224,1200
1447 100 384,456,1224,1224
1448 100 384,504,1224,1200
1449 100 360,528,1224,1200
1450 100 360,528,1224,1200
1451 100 336,552,1224,1200
1452 100 312,552,1224,1200
1453 100 288,576,1224,1200
1454 100 288,576,1224,1200
1455 100 264,576,1224,1200
1456 100 264,576,1224,1200
1457 100 240,600,1224,1200
1458 100 240,600,1224,1200
1459 100 240,600,1224,1200
1460 100 216,600,1224,1200
1461 100 192,600,1224,1200
1462 100 192,600,1224,1200
1463 100 192,600,1224,1200
1464 100 168,576,1224,1224
1465 100 168,576,1224,1224
1466 100 144,576,1224,1200
1467 100 144,576,1224,1200
1468 100 144,576,1224,1200
1469 100 120,552,1224,1224
1470 100 96,552,1224,1224
1471 100 96,552,1224,1224
1472 100 48,552,1224,1200
1473 100 48,552,1224,1200
1474 100 24,552,1224,1200
1475 100 0,528,1224,1200
1476 100 0,528,1224,1200
1477 100 0,504,1224,1224
1478 100 0,504,1224,1224
1479 100 24,504,1224,1200
1480 100 24,504,1224,1200
1481 100 0,504,1224,1200
1482 100 0,504,1224,1200
1483 100 0,480,1224,1224
1484 100 0,480,1224,1200
1485 100 0,456,1224,1224
1486 100 0,456,1224,1200
1487 100 24,456,1224,1200
1488 100 24,456,1224,1200
1489 100 24,432,1224,1224
1490 100 24,432,1224,1200
1491 100 24,432,1224,1200
1492 100 24,432,1224,1200
1493 100 0,432,1224,1200
1494 100 0,432,1224,1200
1495 100 24,432,1224,1224
1496 100 24,432,1224,1224
1497 100 24,432,1224,1224
1498 100 0,432,1224,1224
1499 100 0,432,1224,1224
1500 100 48,432,1224,1224
1501 100 24,456,1224,1200
1502 100 24,456,1224,1200
1503 100 0,480,1224,1200
1504 100 0,480,1224,1200
1505 100 24,480,1224,1224
1506 100 24,480,1224,1224
1507 100 0,504,1224,1200
1508 100 0,504,1224,1200
1509 100 0,504,1224,1224
1510 100 0,504,1224,1224
1511 100 0,504,1224,1224
1512 100 0,504,1224,1224
1513 100 0,504,1224,1224
1514 100 0,504,1224,1224
1515 100 0,504,1224,1224
1516 100 0,504,1224,1224
1517 100 24,504,1224,1224
1518 100 0,504,1224,1200
1519 100 24,504,1224,1224
1520 100 24,504,1224,1224
1521 100 24,528,1224,1200
1522 100 24,528,1224,1200
1523 100 48,528,1224,1200
1524 100 48,528,1224,1200
1525 100 48,528,1224,1200
1526 100 48,504,1224,1224
1527 100 72,504,1224,1224
1528 100 72,504,1224,1224
1529 100 96,504,1224,1224
1530 100 96,504,1224,1224
1531 100 144,504,1224,1224
1532 100 144,504,1224,1224
1533 100 168,504,1224,1224
1534 100 168,528,1224,1200
1535 100 144,528,1224,1200
1536 100 144,528,1224,1200
1537 100 96,528,1224,1200
1538 100 72,528,1224,1200
1539 100 24,528,1224,1200
1540 100 0,528,1224,1200
1541 100 0,528,1224,1200
1542 100 0,528,1224,1200
1543 100 0,528,1224,1200
1544 100 0,528,1224,1200
1545 100 0,528,1224,1200
1546 100 0,528,1224,1200
1547 100 0,528,1224,1200
1548 100 0,528,1224,1200
1549 100 0,504,1224,1224
1550 100 0,504,1224,1224
1551 100 72,528,1224,1200
1552 100 72,528,1224,1200
1553 100 120,528,1224,1200
1554 100 144,528,1224,1224
1555 100 192,552,1224,1200
1556 100 192,552,1224,1200
1557 100 192,552,1224,1200
1558 100 192,552,1224,1200
1559 100 144,552,1224,1200
1560 100 144,552,1224,1200
1561 100 120,552,1224,1200
1562 100 120,552,1224,1200
1563 100 96,552,1224,1224
1564 100 96,552,1224,1224
1565 100 96,552,1224,1224
1566 100 96,552,1224,1224
1567 100 120,552,1224,1224
1568 100 120,576,1224,1200
1569 100 120,576,1224,1200
1570 100 120,576,1224,1200
1571 100 144,576,1224,1200
1572 100 144,576,1224,1200
1573 100 168,576,1224,1200
1574 100 192,576,1224,1200
1575 100 192,576,1224,1200
1576 100 192,576,1224,1200
1577 100 192,576,1224,1200
1578 100 192,576,1224,1200
1579 100 192,576,1224,1200
1580 100 192,576,1224,1200
1581 100 192,576,1224,1200
1582 100 192,576,1224,1200
1583 100 192,576,1224,1200
1584 100 192,576,1224,1200
1585 100 216,576,1224,1200
1586 100 216,576,1224,1200
1587 100 216,576,1224,1200
1588 100 216,576,1224,1200
1589 100 216,576,1224,1200
1590 100 216,576,1224,1200
1591 100 240,576,1224,1200
1592 100 240,552,1224,1224
1593 100 240,552,1224,1224
1594 100 240,552,1224,1224
1595 100 240,552,1224,1224
1596 100 240,552,1224,1224
1597 100 240,552,1224,1224
1598 100 240,552,1224,1224
1599 100 264,552,1224,1224
1600 100 264,552,1224,1224
1601 100 264,552,1224,1224
1602 100 264,552,1224,1224
1603 100 288,552,1224,1224
1604 100 288,552,1224,1200
1605 100 288,552,1224,1224
1606 100 288,552,1224,1224
1607 100 288,552,1224,1200
1608 100 288,552,1224,1200
1609 100 312,528,1224,1224
1610 100 312,528,1224,1224
1611 100 336,528,1224,1224
1612 100 336,528,1224,1224
1613 100 360,552,1224,1200
1614 100 360,552,1224,1200
1615 100 408,552,1224,1200
1616 100 408,552,1224,1200
1617 100 432,552,1224,1200
1618 100 456,552,1224,1200
1619 100 480,528,1224,1224
1620 100 480,528,1224,1224
1621 100 480,552,1224,1200
1622 100 504,528,1224,1224
1623 100 504,528,1224,1224
1624 100 528,528,1224,1224
1625 100 552,528,1224,1200
1626 100 552,528,1224,1200
1627 100 552,528,1224,1200
1628 100 552,528,1224,1200
1629 100 552,528,1224,1200
1630 100 528,528,1224,1200
1631 100 528,504,1224,1224
1632 100 504,504,1224,1224
1633 100 504,528,1224,1200
1634 100 504,528,1224,1200
1635 100 504,528,1224,1200
1636 100 504,528,1224,1224
1637 100 504,528,1224,1224
1638 100 504,528,1224,1224
1639 100 552,552,1224,1200
1640 100 552,552,1224,1200
1641 100 576,552,1224,1200
1642 100 600,552,1224,1200
1643 100 600,552,1224,1200
1644 100 600,552,1224,1200
1645 100 600,552,1224,1200
1646 100 600,552,1224,1200
1647 100 576,552,1224,1200
1648 100 576,552,1224,1200
1649 100 576,552,1224,1200
1650 100 576,552,1224,1200
1651 100 576,552,1224,1224
1652 100 552,552,1224,1224
1653 100 552,552,1224,1224
1654 100 552,552,1224,1200
1655 100 528,552,1224,1200
1656 100 528,552,1224,1200
1657 100 528,552,1224,1200
1658 100 528,552,1224,1200
1659 100 528,552,1224,1200
1660 100 528,552,1224,1200
1661 100 528,528,1224,1224
1662 100 528,528,1224,1200
1663 100 480,528,1224,1200
1664 100 480,528,1224,1200
1665 100 432,528,1224,1200
1666 100 432,528,1224,1200
1667 100 408,528,1224,1200
1668 100 408,528,1224,1200
1669 100 384,528,1224,1200
1670 100 384,528,1224,1200
1671 100 360,528,1224,1200
1672 100 360,528,1224,1200
1673 100 336,528,1224,1200
1674 100 336,528,1224,1224
1675 100 336,528,1224,1224
1676 100 336,552,1224,1200
1677 100 360,528,1224,1224
1678 100 360,528,1224,1224
1679 100 360,528,1224,1224
1680 100 360,528,1224,1224
1681 100 336,528,1224,1224
1682 100 336,528,1224,1224
1683 100 336,528,1224,1200
1684 100 336,528,1224,1200
1685 100 336,528,1224,1200
1686 100 336,528,1224,1200
1687 100 336,504,1224,1224
1688 100 312,504,1224,1224
1689 100 288,504,1224,1224
1690 100 264,504,1224,1224
1691 100 240,504,1224,1224
1692 100 216,504,1224,1224
1693 100 216,504,1224,1224
1694 100 216,504,1224,1224
1695 100 216,504,1224,1224
1696 100 216,504,1224,1224
1697 100 216,504,1224,1224
1698 100 216,528,1224,1200
1699 100 216,528,1224,1200
1700 100 216,528,1224,1200
1701 100 216,528,1224,1200
1702 100 216,528,1224,1200
1703 100 216,528,1224,1200
1704 100 216,528,1224,1200
1705 100 216,528,1224,1200
1706 100 216,528,1224,1200
1707 100 216,528,1224,1200
1708 100 240,528,1224,1200
1709 100 240,528,1224,1200
1710 100 240,528,1224,1200
1711 100 240,528,1224,1200
1712 100 240,528,1224,1200
1713 100 240,528,1224,1200
1714 100 240,528,1224,1200
1715 100 240,528,1224,1200
1716 100 240,528,1224,1200
1717 100 240,528,1224,1200
1718 100 264,528,1224,1200
1719 100 264,528,1224,1200
1720 100 264,528,1224,1200
1721 100 264,528,1224,1200
1722 100 264,528,1224,1200
1723 100 264,528,1224,1200
1724 100 264,528,1224,1200
1725 100 264,528,1224,1200
1726 100 264,528,1224,1200
1727 100 264,528,1224,1200
1728 100 264,528,1224,1200
1729 100 264,528,1224,1200
1730 100 264,528,1224,1200
1731 100 264,528,1224,1200
1732 100 264,528,1224,1200
1733 100 264,528,1224,1200
1734 100 264,528,1224,1200
1735 100 264,528,1224,1200
1736 100 264,528,1224,1200
1737 100 264,504,1224,1224
1738 100 264,504,1224,1224
1739 100 264,504,1224,1224
1740 100 264,504,1224,1224
1741 100 264,528,1224,1200
1742 100 264,528,1224,1200
1743 100 264,504,1224,1224
1744 100 264,528,1224,1200
1745 100 264,504,1224,1224
1746 100 264,504,1224,1224
1747 100 264,504,1224,1224
1748 100 264,504,1224,1224
1749 100 264,504,1224,1224
1750 100 264,504,1224,1224
1751 100 264,504,1224,1224
1752 100 264,504,1224,1224
1753 100 264,504,1224,1224
1754 100 264,504,1224,1224
1755 100 264,504,1224,1224
1756 100 264,504,1224,1224
1757 100 264,504,1224,1224
1758 100 264,504,1224,1224
1759 100 264,504,1224,1224
1760 100 264,504,1224,1224
1761 100 240,528,1224,1200
1762 100 240,528,1224,1200
1763 100 240,528,1224,1200
1764 100 240,504,1224,1224
1765 100 240,504,1224,1224
1766 100 240,504,1224,1224
1767 100 240,504,1224,1224
1768 100 240,504,1224,1224
1769 100 240,504,1224,1224
1770 100 240,504,1224,1224
1771 100 216,504,1224,1224
1772 100 216,504,1224,1224
1773 100 216,504,1224,1224
1774 100 216,528,1224,1200
1775 100 216,528,1224,1200
1776 100 192,528,1224,1200
1777 100 192,528,1224,1200
1778 100 168,528,1224,1200
1779 100 168,504,1224,1224
1780 100 144,528,1224,1200
1781 100 144,528,1224,1200
1782 100 120,528,1224,1200
1783 100 120,528,1224,1200
1784 100 120,528,1224,1200
1785 100 72,528,1224,1200
1786 100 48,528,1224,1200
1787 100 0,528,1224,1200
1788 100 0,528,1224,1200
1789 100 0,528,1224,1200
1790 100 24,528,1224,1224
1791 100 0,528,1224,1224
1792 100 0,528,1224,1224
1793 100 24,528,1224,1200
1794 100 24,528,1224,1200
1795 100 24,528,1224,1200
1796 100 0,528,1224,1224
1797 100 48,528,1224,1224
1798 100 0,528,1224,1200
1799 100 72,528,1224,1224
1800 100 24,528,1224,1200
1801 100 24,528,1224,1200
1802 100 96,528,1224,1224
1803 100 96,528,1224,1224
1804 100 48,528,1224,1224
1805 100 24,552,1224,1200
1806 100 3528,552,1224,1200
1807 100 3504,552,1224,1200
1808 100 3600,528,1224,1224
1809 100 3576,528,1224,1224
1810 100 24,528,1224,1224
1811 100 3384,528,1224,1200
1812 100 3720,528,1224,1224
1813 100 3576,552,1224,1200
1814 100 3672,552,1224,1224
1815 100 3648,552,1224,1224
1816 100 3672,552,1224,1224
1817 100 3744,552,1224,1224
1818 100 3408,552,1224,1200
1819 100 3768,552,1224,1224
1820 100 3696,552,1224,1224
1821 100 3696,552,1224,1224
1822 100 3648,552,1224,1224
1823 100 3648,552,1224,1224
1824 100 3648,552,1224,1224
1825 100 3504,552,1224,1200
1826 100 3528,552,1224,1200
1827 100 3528,552,1224,1200
1828 100 3312,528,1224,1224
1829 100 3336,528,1224,1224
1830 100 3336,528,1224,1224
1831 100 3312,552,1224,1200
1832 100 3336,528,1224,1224
1833 100 3336,528,1224,1224
1834 100 3216,528,1224,1224
1835 100 3216,528,1224,1200
1836 100 3096,528,1224,1200
1837 100 3120,528,1224,1200
1838 100 3120,528,1224,1200
1839 100 2976,504,1224,1200
1840 100 2976,504,1224,1200
1841 100 2976,504,1224,1200
1842 100 2904,504,1224,1200
1843 100 2880,504,1224,1200
1844 100 2880,504,1224,1200
1845 100 2904,504,1224,1200
1846 100 2904,504,1224,1200
1847 100 2760,480,1224,1224
1848 100 2784,480,1224,1224
1849 100 2688,480,1224,1200
1850 100 2664,480,1224,1200
1851 100 2640,480,1224,1200
1852 100 2640,480,1224,1200
1853 100 2616,480,1224,1200
1854 100 2616,480,1224,1200
1855 100 2616,480,1224,1200
1856 100 2616,480,1224,1200
1857 100 2592,480,1224,1200
1858 100 2592,480,1224,1200
1859 100 2568,480,1224,1200
1860 100 2568,480,1224,1200
1861 100 2544,480,1224,1200
1862 100 2544,480,1224,1200
1863 100 2544,480,1224,1200
1864 100 2520,480,1224,1200
1865 100 2496,480,1224,1200
1866 100 2496,480,1224,1224
1867 100 2496,504,1224,1200
1868 100 2496,504,1224,1200
1869 100 2496,504,1224,1224
1870 100 2496,504,1224,1224
1871 100 2496,528,1224,1224
1872 100 2496,528,1224,1224
1873 100 2520,528,1224,1224
1874 100 2520,528,1224,1224
1875 100 2544,552,1224,1200
1876 100 2544,552,1224,1200
1877 100 2544,552,1224,1200
1878 100 2568,552,1224,1200
1879 100 2568,552,1224,1200
1880 100 2568,552,1224,1224
1881 100 2592,552,1224,1224
1882 100 2592,576,1224,1200
1883 100 2592,576,1224,1200
1884 100 2616,576,1224,1200
1885 100 2640,576,1224,1200
1886 100 2664,576,1224,1200
1887 100 2736,576,1224,1200
1888 100 2760,576,1224,1200
1889 100 2832,576,1224,1200
1890 100 2904,576,1224,1200
1891 100 2904,576,1224,1200
1892 100 2976,576,1224,1200
1893 100 2976,576,1224,1200
1894 100 2976,576,1224,1200
1895 100 3000,576,1224,1200
1896 100 3024,576,1224,1200
1897 100 3096,576,1224,1200
1898 100 3096,576,1224,1200
1899 100 3240,576,1224,1200
1900 100 3216,576,1224,1200
1901 100 3288,576,1224,1224
1902 100 3240,600,1224,1200
1903 100 3216,600,1224,1200
1904 100 3336,600,1224,1224
1905 100 3432,624,1224,1200
1906 100 3384,624,1224,1200
1907 100 3312,624,1224,1224
1908 100 3336,648,1224,1224
1909 100 3240,672,1224,1200
1910 100 3240,696,1224,1200
1911 100 3288,696,1224,1224
1912 100 3240,720,1224,1200
1913 100 3240,744,1224,1200
1914 100 3216,768,1224,1200
1915 100 3336,768,1224,1200
1916 100 3456,792,1224,1200
1917 100 3360,792,1224,1200
1918 100 3264,792,1224,1200
1919 100 3264,792,1224,1200
1920 100 3288,792,1224,1200
1921 100 3240,792,1224,1224
1922 100 3432,816,1224,1200
1923 100 3288,816,1224,1200
1924 100 3432,840,1224,1200
1925 100 3120,840,1224,1224
1926 100 3168,864,1224,1200
1927 100 3192,888,1224,1200
1928 100 3120,888,1224,1200
1929 100 3024,888,1224,1224
1930 100 3264,912,1224,1200
1931 100 3240,912,1224,1200
1932 100 3048,912,1224,1200
1933 100 3000,912,1224,1200
1934 100 2952,912,1224,1224
1935 100 3240,936,1224,1200
1936 100 3000,936,1224,1200
1937 100 2856,936,1224,1200
1938 100 3288,936,1224,1224
1939 100 3144,960,1224,1200
1940 100 3144,960,1224,1200
1941 100 3024,960,1224,1200
1942 100 3024,960,1224,1200
1943 100 3120,960,1224,1200
1944 100 3024,960,1224,1200
1945 100 3024,960,1224,1200
1946 100 2904,960,1224,1200
1947 100 2784,960,1224,1200
1948 100 2784,960,1224,1200
1949 100 2688,960,1224,1200
1950 100 2688,960,1224,1200
1951 100 2664,960,1224,1200
1952 100 2664,960,1224,1200
1953 100 2568,960,1224,1200
1954 100 3312,960,1224,1200
1955 100 2928,960,1224,1200
1956 100 2544,984,1224,1176
1957 100 2208,984,1224,1176
1958 100 1992,984,1224,1176
1959 100 1872,984,1224,1176
1960 100 1896,984,1224,1176
1961 100 1992,984,1224,1176
1962 100 1944,984,1224,1176
1963 100 1896,984,1224,1176
1964 100 1752,984,1224,1176
1965 100 1560,984,1224,1176
1966 100 1464,1008,1224,1152
1967 100 1512,984,1224,1176
1968 100 1608,984,1224,1176
1969 100 1656,984,1224,1176
1970 100 1656,984,1224,1176
1971 100 1704,984,1224,1176
1972 100 1776,984,1224,1176
1973 100 1800,984,1224,1176
1974 100 1896,984,1224,1176
1975 100 1992,984,1224,1176
1976 100 1968,984,1224,1176
1977 100 2040,984,1224,1176
1978 100 1896,984,1224,1176
1979 100 2040,984,1224,1176
1980 100 2304,984,1224,1176
1981 100 2472,984,1224,1176
1982 100 2352,984,1224,1176
1983 100 1560,984,1224,1176
1984 100 432,1008,1224,1152
1985 100 0,1008,1224,1152
1986 100 0,1032,1224,1128
1987 100 0,1032,1224,1128
1988 100 0,1032,1224,1128
1989 100 0,1032,1224,1128
1990 100 0,1008,1224,1152
1991 100 672,1008,1224,1152
1992 100 888,1008,1224,1152
1993 100 600,1008,1224,1152
1994 100 576,1008,1224,1152
1995 100 528,1008,1224,1152
1996 100 768,1008,1224,1152
1997 100 576,1008,1224,1152
1998 100 0,1008,1224,1152
1999 100 0,1008,1224,1152
2000 100 336,1008,1224,1152
2001 100 0,1008,1224,1152
2002 100 0,1032,1224,1128
2003 100 0,1032,1224,1128
2004 100 0,1008,1224,1152
2005 100 0,1032,1224,1128
2006 100 0,1056,1224,1104
2007 100 0,1056,1224,1104
2008 100 0,1032,1224,1128
2009 100 0,1008,1224,1152
2010 100 456,1008,1224,1152
2011 100 1056,1008,1224,1152
2012 100 1200,984,1224,1176
2013 100 720,1008,1224,1152
2014 100 0,1008,1224,1152
2015 100 0,1032,1224,1128
2016 100 0,1032,1224,1128
2017 100 0,1008,1224,1152
2018 100 1392,1008,1224,1152
2019 100 2928,960,1224,1200
2020 100 2808,936,1224,1224
2021 100 3240,912,1224,1200
2022 100 3360,864,1224,1200
2023 100 3192,792,1224,1224
2024 100 3432,744,1224,1200
2025 100 3336,696,1224,1200
2026 100 3288,672,1224,1224
2027 100 3240,648,1224,1224
2028 100 3360,648,1224,1224
2029 100 3360,624,1224,1200
2030 100 3360,600,1224,1224
2031 100 3408,576,1224,1200
2032 100 3408,552,1224,1200
2033 100 3408,528,1224,1200
2034 100 3312,504,1224,1224
2035 100 3288,504,1224,1224
2036 100 3360,528,1224,1224
2037 100 3288,528,1224,1224
2038 100 3360,528,1224,1224
2039 100 3360,504,1224,1224
2040 100 3360,480,1224,1224
2041 100 3312,456,1224,1224
2042 100 3360,432,1224,1224
2043 100 3216,408,1224,1200
2044 100 3384,384,1224,1200
2045 100 3384,360,1224,1224
2046 100 3240,336,1224,1224
2047 100 3240,336,1224,1224
2048 100 3360,360,1224,1224
2049 100 3288,360,1224,1224
2050 100 3288,360,1224,1224
2051 100 3312,360,1224,1224
2052 100 3336,360,1224,1224
2053 100 3312,360,1224,1224
2054 100 3312,360,1224,1224
2055 100 3288,360,1224,1224
2056 100 3480,360,1224,1224
2057 100 3384,384,1224,1200
2058 100 3456,408,1224,1200
2059 100 3288,408,1224,1224
2060 100 3264,456,1224,1200
2061 100 3360,480,1224,1224
2062 100 3408,504,1224,1200
2063 100 3288,504,1224,1224
2064 100 3264,528,1224,1200
2065 100 3288,528,1224,1200
2066 100 3240,528,1224,1200
2067 100 3336,504,1224,1224
2068 100 3312,528,1224,1200
2069 100 3336,504,1224,1224
2070 100 3384,504,1224,1224
2071 100 3240,504,1224,1200
2072 100 3264,504,1224,1200
2073 100 3288,504,1224,1200
2074 100 3288,504,1224,1200
2075 100 3480,504,1224,1200
2076 100 3480,504,1224,1200
2077 100 3432,504,1224,1200
2078 100 3408,504,1224,1200
2079 100 3384,504,1224,1200
2080 100 3384,504,1224,1200
2081 100 3720,504,1224,1224
2082 100 3648,504,1224,1224
2083 100 3576,504,1224,1224
2084 100 3504,528,1224,1200
2085 100 3480,528,1224,1200
2086 100 3456,528,1224,1200
2087 100 3456,528,1224,1200
2088 100 3480,528,1224,1200
2089 100 3456,528,1224,1200
2090 100 3480,528,1224,1200
2091 100 3504,528,1224,1200
2092 100 3480,528,1224,1200
2093 100 3528,504,1224,1224
2094 100 3528,504,1224,1224
2095 100 3528,504,1224,1224
2096 100 3528,504,1224,1224
2097 100 3552,504,1224,1224
2098 100 3552,504,1224,1224
