0 100 240,528,1224,1200
1 100 384,504,1224,1224
2 100 120,528,1224,1224
3 100 1272,432,1224,1200
4 100 1272,432,1224,1200
5 100 72,528,1224,1200
6 100 1272,432,1224,1200
7 100 72,528,1224,1200
8 100 1272,432,1224,1200
9 100 1272,432,1224,1200
10 100 0,552,1224,1200
11 100 1272,432,1224,1200
12 100 1272,408,1224,1224
13 100 1272,408,1224,1224
14 100 0,552,1224,1224
15 100 1272,408,1224,1224
16 100 1272,408,1224,1224
17 100 24,576,1224,1200
18 100 1296,432,1224,1200
19 100 1296,432,1224,1200
20 100 1296,432,1224,1200
21 100 1296,432,1224,1200
22 100 120,528,1224,1224
23 100 1296,432,1224,1200
24 100 24,576,1224,1224
25 100 1296,432,1224,1200
26 100 1296,432,1224,1200
27 100 48,576,1224,1224
28 100 1296,432,1224,1200
29 100 1296,432,1224,1200
30 100 0,600,1224,1200
31 100 1296,432,1224,1200
32 100 1296,432,1224,1200
33 100 1296,432,1224,1200
34 100 48,576,1224,1200
35 100 1296,432,1224,1200
36 100 1296,432,1224,1200
37 100 72,552,1224,1224
38 100 1296,432,1224,1200
39 100 72,552,1224,1224
40 100 1296,432,1224,1200
41 100 1296,432,1224,1200
42 100 48,552,1224,1224
43 100 1296,432,1224,1200
44 100 48,552,1224,1200
45 100 1296,432,1224,1200
46 100 1296,432,1224,1200
47 100 1296,432,1224,1200
48 100 1296,432,1224,1200
49 100 1296,432,1224,1200
50 100 1296,432,1224,1200
51 100 0,552,1224,1200
52 100 1296,432,1224,1224
53 100 3384,552,1224,1200
54 100 1296,432,1224,1224
55 100 1296,432,1224,1224
56 100 144,552,1224,1224
57 100 1296,432,1224,1224
58 100 3384,552,1224,1200
59 100 1296,432,1224,1224
60 100 1296,432,1224,1224
61 100 3408,552,1224,1200
62 100 1296,432,1224,1224
63 100 1296,432,1224,1224
64 100 3408,552,1224,1200
65 100 1296,432,1224,1224
66 100 3384,552,1224,1200
67 100 1296,432,1224,1224
68 100 1296,432,1224,1224
69 100 3432,552,1224,1200
70 100 1296,432,1224,1224
71 100 3432,552,1224,1200
72 100 1272,432,1224,1224
73 100 1272,432,1224,1224
74 100 3408,552,1224,1200
75 100 1272,432,1224,1224
76 100 1272,432,1224,1224
77 100 1272,432,1224,1224
78 100 1272,432,1224,1224
79 100 1272,432,1224,1224
80 100 1272,432,1224,1224
81 100 1272,432,1224,1200
82 100 0,552,1224,1200
83 100 1272,432,1224,1200
84 100 1272,432,1224,1200
85 100 0,552,1224,1200
86 100 1272,432,1224,1200
87 100 3456,552,1224,1200
88 100 1272,432,1224,1200
89 100 1272,432,1224,1200
90 100 1272,432,1224,1200
91 100 0,576,1224,1200
92 100 1272,432,1224,1200
93 100 1272,432,1224,1200
94 100 1272,432,1224,1200
95 100 1272,432,1224,1200
96 100 1272,432,1224,1200
97 100 1272,432,1224,1200
98 100 1272,432,1224,1200
99 100 1272,432,1224,1200
100 100 1272,432,1224,1200
101 100 1296,432,1224,1200
102 100 1296,432,1224,1200
103 100 1296,432,1224,1200
104 100 1296,432,1224,1200
105 100 1296,432,1224,1200
106 100 1296,432,1224,1200
107 100 1320,432,1224,1200
108 100 24,576,1224,1200
109 100 1320,432,1224,1200
110 100 1320,432,1224,1200
111 100 1320,432,1224,1200
112 100 1320,432,1224,1200
113 100 1320,432,1224,1200
114 100 1344,432,1224,1200
115 100 1344,432,1224,1200
116 100 1344,432,1224,1200
117 100 1344,432,1224,1200
118 100 1344,432,1224,1200
119 100 1344,432,1224,1200
120 100 1344,432,1224,1200
121 100 1344,432,1224,1200
122 100 1344,432,1224,1200
123 100 1344,432,1224,1200
124 100 1344,432,1224,1200
125 100 1344,432,1224,1200
126 100 1344,432,1224,1200
127 100 1344,432,1224,1200
128 100 1344,432,1224,1200
129 100 1344,432,1224,1200
130 100 1320,432,1224,1200
131 100 1320,432,1224,1200
132 100 1320,432,1224,1200
133 100 1320,432,1224,1200
134 100 1320,432,1224,1224
135 100 1320,432,1224,1224
136 100 48,576,1224,1224
137 100 1320,456,1224,1200
138 100 1320,456,1224,1200
139 100 1344,480,1224,1200
140 100 1344,480,1224,1200
141 100 1344,480,1224,1224
142 100 1344,480,1224,1224
143 100 1344,504,1224,1200
144 100 1344,504,1224,1200
145 100 1344,504,1224,1200
146 100 1344,504,1224,1200
147 100 1344,480,1224,1224
148 100 1344,480,1224,1224
149 100 1344,480,1224,1224
150 100 1344,480,1224,1224
151 100 1344,480,1224,1224
152 100 1344,480,1224,1224
153 100 1344,480,1224,1224
154 100 1344,480,1224,1224
155 100 1344,480,1224,1224
156 100 1344,480,1224,1224
157 100 1368,480,1224,1200
158 100 1368,480,1224,1200
159 100 24,576,1224,1224
160 100 1368,480,1224,1200
161 100 1368,480,1224,1200
162 100 1392,480,1224,1200
163 100 1392,480,1224,1200
164 100 1416,480,1224,1200
165 100 1416,480,1224,1200
166 100 1416,480,1224,1200
167 100 1416,480,1224,1200
168 100 1416,480,1224,1200
169 100 1416,480,1224,1200
170 100 1416,480,1224,1200
171 100 1416,480,1224,1200
172 100 1416,480,1224,1200
173 100 1416,480,1224,1200
174 100 1416,480,1224,1200
175 100 1416,480,1224,1200
176 100 1416,480,1224,1200
177 100 1416,480,1224,1200
178 100 1416,480,1224,1200
179 100 1416,480,1224,1200
180 100 1416,480,1224,1200
181 100 1416,480,1224,1200
182 100 1392,480,1224,1200
183 100 1392,480,1224,1200
184 100 1392,480,1224,1200
185 100 1392,480,1224,1200
186 100 1392,480,1224,1200
187 100 1392,480,1224,1200
188 100 1392,480,1224,1200
189 100 1392,480,1224,1200
190 100 1392,480,1224,1200
191 100 1392,480,1224,1200
192 100 1392,480,1224,1224
193 100 1392,480,1224,1224
194 100 1392,480,1224,1224
195 100 1392,480,1224,1224
196 100 1392,504,1224,1200
197 100 1392,504,1224,1200
198 100 1392,504,1224,1200
199 100 1392,504,1224,1200
200 100 1392,504,1224,1200
201 100 1392,504,1224,1200
202 100 1392,504,1224,1200
203 100 1392,504,1224,1200
204 100 1392,480,1224,1224
205 100 1392,480,1224,1224
206 100 1392,480,1224,1224
207 100 1392,480,1224,1224
208 100 1392,480,1224,1224
209 100 1392,480,1224,1224
210 100 1392,480,1224,1224
211 100 1392,480,1224,1224
212 100 1392,480,1224,1224
213 100 1392,480,1224,1224
214 100 1392,480,1224,1200
215 100 1392,480,1224,1200
216 100 1392,480,1224,1200
217 100 1392,480,1224,1200
218 100 48,552,1224,1200
219 100 1392,480,1224,1200
220 100 1392,480,1224,1200
221 100 1392,480,1224,1200
222 100 1392,480,1224,1200
223 100 1392,456,1224,1224
224 100 1392,456,1224,1224
225 100 1392,456,1224,1224
226 100 1392,456,1224,1224
227 100 1368,456,1224,1224
228 100 1368,456,1224,1224
229 100 1368,456,1224,1224
230 100 24,552,1224,1200
231 100 1368,456,1224,1224
232 100 1368,456,1224,1224
233 100 1368,456,1224,1224
234 100 1368,456,1224,1224
235 100 1368,456,1224,1224
236 100 1368,456,1224,1224
237 100 1368,456,1224,1224
238 100 0,552,1224,1200
239 100 1368,456,1224,1224
240 100 1368,456,1224,1224
241 100 1368,456,1224,1224
242 100 1368,456,1224,1224
243 100 1368,456,1224,1224
244 100 1368,456,1224,1224
245 100 1368,456,1224,1224
246 100 1368,456,1224,1224
247 100 1368,456,1224,1224
248 100 1368,456,1224,1224
249 100 1368,456,1224,1200
250 100 1368,456,1224,1200
251 100 1320,432,1224,1200
252 100 1320,432,1224,1200
253 100 1296,408,1224,1224
254 100 1296,408,1224,1224
255 100 1272,408,1224,1200
256 100 1272,408,1224,1200
257 100 1248,384,1224,1200
258 100 1248,384,1224,1200
259 100 1224,360,1224,1224
260 100 144,552,1224,1224
261 100 1224,360,1224,1224
262 100 1224,360,1224,1200
263 100 1224,360,1224,1200
264 100 1224,360,1224,1200
265 100 1224,360,1224,1200
266 100 1224,360,1224,1200
267 100 1224,360,1224,1200
268 100 1224,360,1224,1200
269 100 1224,360,1224,1200
270 100 1224,360,1224,1200
271 100 1224,360,1224,1200
272 100 1224,360,1224,1200
273 100 1224,360,1224,1200
274 100 1200,360,1224,1200
275 100 1200,360,1224,1200
276 100 1200,360,1224,1200
277 100 1200,360,1224,1200
278 100 1200,360,1224,1200
279 100 3384,552,1224,1200
280 100 1200,360,1224,1200
281 100 1224,360,1224,1224
282 100 1224,360,1224,1224
283 100 1224,360,1224,1224
284 100 1224,360,1224,1224
285 100 1224,360,1224,1224
286 100 1224,360,1224,1224
287 100 1224,360,1224,1224
288 100 1224,360,1224,1224
289 100 1224,384,1224,1200
290 100 1224,384,1224,1200
291 100 1224,384,1224,1200
292 100 1224,384,1224,1200
293 100 1224,384,1224,1200
294 100 1224,384,1224,1200
295 100 1224,384,1224,1200
296 100 1224,384,1224,1200
297 100 1248,408,1224,1200
298 100 1248,408,1224,1200
299 100 1248,408,1224,1224
300 100 1248,408,1224,1224
301 100 1272,408,1224,1224
302 100 1272,408,1224,1224
303 100 1272,432,1224,1200
304 100 1272,432,1224,1200
305 100 1272,456,1224,1200
306 100 1272,456,1224,1200
307 100 1296,456,1224,1200
308 100 1296,456,1224,1200
309 100 1296,456,1224,1224
310 100 1296,456,1224,1224
311 100 1296,456,1224,1224
312 100 1296,456,1224,1224
313 100 1296,480,1224,1200
314 100 264,528,1224,1224
315 100 1296,480,1224,1200
316 100 1296,480,1224,1224
317 100 1296,480,1224,1224
318 100 1272,528,1224,1200
319 100 1272,528,1224,1200
320 100 1272,528,1224,1224
321 100 1272,528,1224,1224
322 100 1248,552,1224,1200
323 100 1248,552,1224,1200
324 100 3408,552,1224,1200
325 100 1248,552,1224,1200
326 100 1248,576,1224,1200
327 100 1248,576,1224,1200
328 100 1248,576,1224,1200
329 100 1248,576,1224,1200
330 100 1248,576,1224,1200
331 100 1248,576,1224,1200
332 100 1248,576,1224,1224
333 100 1248,576,1224,1224
334 100 1248,600,1224,1200
335 100 1248,600,1224,1200
336 100 1224,600,1224,1224
337 100 1224,600,1224,1224
338 100 1224,624,1224,1224
339 100 1224,624,1224,1224
340 100 0,552,1224,1200
341 100 1224,648,1224,1200
342 100 1224,648,1224,1200
343 100 1224,648,1224,1224
344 100 3408,552,1224,1200
345 100 1224,648,1224,1224
346 100 1224,648,1224,1224
347 100 1224,648,1224,1224
348 100 1224,648,1224,1200
349 100 1224,648,1224,1200
350 100 1224,624,1224,1224
351 100 1224,624,1224,1224
352 100 3408,552,1224,1200
353 100 1224,624,1224,1200
354 100 1224,624,1224,1200
355 100 1224,600,1224,1224
356 100 1224,600,1224,1224
357 100 3408,552,1224,1200
358 100 1224,600,1224,1224
359 100 1224,600,1224,1224
360 100 1224,600,1224,1200
361 100 1224,600,1224,1200
362 100 1224,600,1224,1224
363 100 1224,600,1224,1224
364 100 1224,600,1224,1200
365 100 1224,600,1224,1200
366 100 1224,600,1224,1200
367 100 1224,600,1224,1200
368 100 1224,576,1224,1224
369 100 1224,576,1224,1224
370 100 1224,576,1224,1200
371 100 1224,576,1224,1200
372 100 1224,552,1224,1224
373 100 1224,552,1224,1224
374 100 1224,552,1224,1200
375 100 1224,552,1224,1200
376 100 1248,528,1224,1200
377 100 1248,528,1224,1200
378 100 1248,504,1224,1200
379 100 1248,504,1224,1200
380 100 1248,480,1224,1224
381 100 1248,480,1224,1224
382 100 1248,480,1224,1200
383 100 1248,480,1224,1200
384 100 1248,456,1224,1224
385 100 1248,456,1224,1224
386 100 1224,432,1224,1224
387 100 1224,432,1224,1224
388 100 1224,408,1224,1224
389 100 1224,408,1224,1224
390 100 1224,408,1224,1200
391 100 1224,408,1224,1200
392 100 1200,384,1224,1224
393 100 1200,384,1224,1224
394 100 1200,384,1224,1200
395 100 1200,384,1224,1200
396 100 1200,360,1224,1224
397 100 1200,360,1224,1224
398 100 1200,384,1224,1200
399 100 1200,384,1224,1200
400 100 1224,360,1224,1224
401 100 1224,360,1224,1224
402 100 1224,360,1224,1224
403 100 1224,360,1224,1224
404 100 1248,360,1224,1224
405 100 1248,360,1224,1224
406 100 1248,360,1224,1224
407 100 1248,360,1224,1224
408 100 1248,360,1224,1200
409 100 1248,360,1224,1200
410 100 1248,336,1224,1224
411 100 1248,336,1224,1224
412 100 1272,336,1224,1224
413 100 1272,336,1224,1224
414 100 72,552,1224,1224
415 100 1272,336,1224,1224
416 100 1272,336,1224,1224
417 100 1272,360,1224,1200
418 100 1272,360,1224,1200
419 100 1272,360,1224,1200
420 100 1272,360,1224,1200
421 100 1272,360,1224,1200
422 100 3552,576,1224,1200
423 100 1272,360,1224,1200
424 100 1272,360,1224,1200
425 100 1272,360,1224,1200
426 100 1272,336,1224,1224
427 100 1272,336,1224,1224
428 100 1272,336,1224,1224
429 100 1272,336,1224,1224
430 100 1248,336,1224,1224
431 100 1248,336,1224,1224
432 100 1248,336,1224,1224
433 100 1248,336,1224,1224
434 100 1272,336,1224,1224
435 100 1272,336,1224,1224
436 100 1272,360,1224,1200
437 100 1272,360,1224,1200
438 100 1272,360,1224,1200
439 100 1272,360,1224,1200
440 100 1272,360,1224,1224
441 100 1272,360,1224,1224
442 100 1272,384,1224,1200
443 100 1272,384,1224,1200
444 100 1272,384,1224,1200
445 100 1272,384,1224,1200
446 100 1272,384,1224,1200
447 100 1272,384,1224,1200
448 100 1272,384,1224,1200
449 100 1272,384,1224,1200
450 100 1272,384,1224,1200
451 100 1272,384,1224,1200
452 100 1272,384,1224,1200
453 100 1272,384,1224,1200
454 100 1272,384,1224,1200
455 100 1272,384,1224,1200
456 100 1296,384,1224,1224
457 100 1296,384,1224,1224
458 100 1272,384,1224,1224
459 100 1272,384,1224,1224
460 100 1272,384,1224,1200
461 100 1272,384,1224,1200
462 100 1248,384,1224,1200
463 100 1248,384,1224,1200
464 100 1248,360,1224,1224
465 100 1248,360,1224,1224
466 100 1248,360,1224,1224
467 100 1248,360,1224,1224
468 100 1248,384,1224,1200
469 100 1248,384,1224,1200
470 100 1248,384,1224,1224
471 100 1248,384,1224,1224
472 100 1200,384,1224,1224
473 100 1200,384,1224,1224
474 100 1152,408,1224,1200
475 100 1152,408,1224,1200
476 100 1104,408,1224,1200
477 100 1104,408,1224,1200
478 100 1056,408,1224,1200
479 100 1056,408,1224,1200
480 100 1032,432,1224,1200
481 100 1032,432,1224,1200
482 100 1032,456,1224,1200
483 100 1032,456,1224,1200
484 100 1032,456,1224,1224
485 100 1032,456,1224,1224
486 100 1056,480,1224,1200
487 100 1056,480,1224,1200
488 100 1056,504,1224,1200
489 100 1056,504,1224,1200
490 100 1056,528,1224,1200
491 100 1056,528,1224,1200
492 100 1056,528,1224,1224
493 100 1056,528,1224,1224
494 100 1056,552,1224,1200
495 100 1056,552,1224,1200
496 100 1032,552,1224,1200
497 100 1032,552,1224,1200
498 100 1032,552,1224,1200
499 100 1032,552,1224,1200
500 100 1032,552,1224,1200
501 100 1032,552,1224,1200
502 100 1032,552,1224,1200
503 100 1032,552,1224,1200
504 100 1008,552,1224,1200
505 100 1008,552,1224,1200
506 100 984,552,1224,1200
507 100 984,552,1224,1200
508 100 960,552,1224,1200
509 100 960,552,1224,1200
510 100 960,552,1224,1200
511 100 960,552,1224,1200
512 100 960,552,1224,1200
513 100 960,552,1224,1200
514 100 936,552,1224,1224
515 100 936,552,1224,1224
516 100 912,552,1224,1224
517 100 912,552,1224,1224
518 100 912,552,1224,1224
519 100 912,552,1224,1224
520 100 888,576,1224,1200
521 100 888,576,1224,1200
522 100 888,576,1224,1200
523 100 888,576,1224,1200
524 100 888,576,1224,1200
525 100 888,576,1224,1200
526 100 888,576,1224,1200
527 100 888,576,1224,1200
528 100 864,576,1224,1200
529 100 864,576,1224,1200
530 100 864,576,1224,1200
531 100 864,576,1224,1200
532 100 840,576,1224,1200
533 100 840,576,1224,1200
534 100 840,576,1224,1200
535 100 840,576,1224,1200
536 100 840,576,1224,1200
537 100 840,576,1224,1200
538 100 888,576,1224,1200
539 100 888,576,1224,1200
540 100 960,576,1224,1200
541 100 960,576,1224,1200
542 100 1056,576,1224,1200
543 100 1056,576,1224,1200
544 100 1104,576,1224,1200
545 100 1104,576,1224,1200
546 100 1152,576,1224,1224
547 100 1152,576,1224,1224
548 100 1176,576,1224,1224
549 100 1176,576,1224,1224
550 100 1200,576,1224,1224
551 100 1200,576,1224,1224
552 100 1224,576,1224,1224
553 100 1224,576,1224,1224
554 100 1224,576,1224,1200
555 100 1224,576,1224,1200
556 100 1248,576,1224,1200
557 100 1248,576,1224,1200
558 100 1248,576,1224,1200
559 100 1248,576,1224,1200
560 100 1248,576,1224,1200
561 100 1248,576,1224,1200
562 100 1248,576,1224,1200
563 100 1248,576,1224,1200
564 100 1272,552,1224,1200
565 100 1272,552,1224,1200
566 100 0,576,1224,1224
567 100 1272,552,1224,1200
568 100 1272,552,1224,1200
569 100 1296,528,1224,1224
570 100 1296,528,1224,1224
571 100 1296,528,1224,1224
572 100 1296,528,1224,1224
573 100 1296,528,1224,1224
574 100 1296,528,1224,1224
575 100 1320,528,1224,1224
576 100 1320,528,1224,1224
577 100 1320,528,1224,1224
578 100 1320,528,1224,1224
579 100 1320,528,1224,1224
580 100 1320,528,1224,1224
581 100 1320,528,1224,1224
582 100 1320,528,1224,1224
583 100 1320,552,1224,1200
584 100 1320,552,1224,1200
585 100 1320,528,1224,1224
586 100 1320,528,1224,1224
587 100 1320,528,1224,1224
588 100 1320,528,1224,1224
589 100 1320,528,1224,1224
590 100 1320,528,1224,1224
591 100 1320,528,1224,1224
592 100 1320,528,1224,1224
593 100 1320,528,1224,1224
594 100 1320,528,1224,1224
595 100 1320,528,1224,1224
596 100 1320,528,1224,1224
597 100 1320,528,1224,1224
598 100 1320,528,1224,1224
599 100 1320,528,1224,1200
600 100 1320,528,1224,1200
601 100 1320,528,1224,1200
602 100 1320,528,1224,1200
603 100 1320,528,1224,1224
604 100 1320,528,1224,1224
605 100 1320,528,1224,1200
606 100 1320,528,1224,1200
607 100 1320,528,1224,1200
608 100 1320,528,1224,1200
609 100 1320,528,1224,1200
610 100 1320,528,1224,1200
611 100 1320,504,1224,1224
612 100 1320,504,1224,1224
613 100 1320,504,1224,1200
614 100 1320,504,1224,1200
615 100 1296,480,1224,1200
616 100 1296,480,1224,1200
617 100 1296,480,1224,1200
618 100 1296,480,1224,1200
619 100 1296,480,1224,1200
620 100 1296,480,1224,1200
621 100 1296,480,1224,1200
622 100 1296,480,1224,1200
623 100 1296,480,1224,1200
624 100 1296,480,1224,1200
625 100 1296,480,1224,1200
626 100 1296,480,1224,1200
627 100 1320,480,1224,1200
628 100 1320,480,1224,1200
629 100 1320,480,1224,1224
630 100 1320,480,1224,1224
631 100 1320,480,1224,1200
632 100 1320,480,1224,1200
633 100 1296,480,1224,1200
634 100 1296,480,1224,1200
635 100 1296,480,1224,1200
636 100 1296,480,1224,1200
637 100 1296,480,1224,1200
638 100 1296,480,1224,1200
639 100 1296,480,1224,1200
640 100 1296,480,1224,1200
641 100 1296,480,1224,1200
642 100 1296,480,1224,1200
643 100 1296,480,1224,1200
644 100 1296,480,1224,1200
645 100 1296,480,1224,1200
646 100 1296,480,1224,1200
647 100 1296,480,1224,1224
648 100 1296,480,1224,1224
649 100 1296,480,1224,1200
650 100 1296,480,1224,1200
651 100 1296,480,1224,1200
652 100 1296,480,1224,1200
653 100 1296,480,1224,1200
654 100 1296,480,1224,1200
655 100 1296,480,1224,1200
656 100 1296,480,1224,1200
657 100 1296,480,1224,1200
658 100 1296,480,1224,1200
659 100 1296,480,1224,1224
660 100 1296,480,1224,1224
661 100 1296,480,1224,1200
662 100 1296,480,1224,1200
663 100 1296,480,1224,1224
664 100 1296,480,1224,1224
665 100 1296,480,1224,1200
666 100 1296,480,1224,1200
667 100 1296,480,1224,1200
668 100 1296,480,1224,1200
669 100 1296,480,1224,1200
670 100 1296,480,1224,1200
671 100 1296,480,1224,1200
672 100 1296,480,1224,1200
673 100 1296,480,1224,1200
674 100 1296,480,1224,1200
675 100 1272,480,1224,1200
676 100 1272,480,1224,1200
677 100 1200,456,1224,1224
678 100 1200,456,1224,1224
679 100 1152,456,1224,1224
680 100 1152,456,1224,1224
681 100 1128,480,1224,1200
682 100 1128,480,1224,1200
683 100 1104,480,1224,1200
684 100 1104,480,1224,1200
685 100 1080,480,1224,1200
686 100 1080,480,1224,1200
687 100 1080,480,1224,1224
688 100 1080,480,1224,1224
689 100 1080,480,1224,1224
690 100 1080,480,1224,1224
691 100 1080,480,1224,1224
692 100 1080,480,1224,1224
693 100 0,600,1224,1200
694 100 1056,480,1224,1224
695 100 1056,480,1224,1224
696 100 1056,480,1224,1224
697 100 1056,480,1224,1224
698 100 1032,504,1224,1224
699 100 1032,504,1224,1224
700 100 1008,528,1224,1200
701 100 1008,528,1224,1200
702 100 1008,528,1224,1224
703 100 1008,528,1224,1224
704 100 984,528,1224,1224
705 100 984,528,1224,1224
706 100 1008,552,1224,1200
707 100 1008,552,1224,1200
708 100 984,552,1224,1200
709 100 984,552,1224,1200
710 100 1008,552,1224,1200
711 100 1008,552,1224,1200
712 100 1008,552,1224,1224
713 100 1008,552,1224,1224
714 100 1032,576,1224,1200
715 100 1032,576,1224,1200
716 100 1080,576,1224,1200
717 100 1080,576,1224,1200
718 100 1128,576,1224,1224
719 100 1128,576,1224,1224
720 100 1152,576,1224,1224
721 100 1152,576,1224,1224
722 100 1176,576,1224,1224
723 100 1176,576,1224,1224
724 100 1176,600,1224,1200
725 100 1176,600,1224,1200
726 100 1200,576,1224,1224
727 100 1200,576,1224,1224
728 100 1224,576,1224,1224
729 100 1224,576,1224,1224
730 100 1224,576,1224,1224
731 100 1224,576,1224,1224
732 100 1248,576,1224,1224
733 100 1248,576,1224,1224
734 100 1272,576,1224,1224
735 100 1272,576,1224,1224
736 100 1296,576,1224,1224
737 100 1296,576,1224,1224
738 100 1296,576,1224,1224
739 100 1296,576,1224,1224
740 100 1272,576,1224,1200
741 100 1272,576,1224,1200
742 100 1272,576,1224,1200
743 100 1272,576,1224,1200
744 100 1272,576,1224,1200
745 100 1272,576,1224,1200
746 100 1272,576,1224,1200
747 100 1272,576,1224,1200
748 100 1272,576,1224,1200
749 100 1272,576,1224,1200
750 100 1272,576,1224,1200
751 100 1272,576,1224,1200
752 100 1272,576,1224,1200
753 100 1272,576,1224,1200
754 100 1272,576,1224,1200
755 100 1272,576,1224,1200
756 100 1272,576,1224,1200
757 100 1272,576,1224,1200
758 100 1272,552,1224,1224
759 100 288,456,1224,1200
760 100 1272,552,1224,1224
761 100 1272,552,1224,1224
762 100 1272,552,1224,1224
763 100 1272,552,1224,1224
764 100 1272,552,1224,1224
765 100 1272,552,1224,1224
766 100 1272,552,1224,1224
767 100 1272,552,1224,1224
768 100 1272,552,1224,1224
769 100 1272,552,1224,1224
770 100 1272,552,1224,1224
771 100 1272,552,1224,1224
772 100 1272,552,1224,1224
773 100 1272,552,1224,1224
774 100 1272,552,1224,1224
775 100 1272,552,1224,1224
776 100 1272,552,1224,1224
777 100 1272,552,1224,1224
778 100 1272,552,1224,1224
779 100 1272,552,1224,1224
780 100 1272,552,1224,1224
781 100 1272,552,1224,1224
782 100 1272,552,1224,1224
783 100 1272,552,1224,1224
784 100 1272,552,1224,1224
785 100 24,576,1224,1224
786 100 1272,576,1224,1200
787 100 1272,576,1224,1200
788 100 1272,576,1224,1200
789 100 1272,576,1224,1200
790 100 1272,576,1224,1200
791 100 1272,576,1224,1200
792 100 1296,576,1224,1200
793 100 1296,576,1224,1200
794 100 1296,552,1224,1224
795 100 1296,552,1224,1224
796 100 1320,552,1224,1224
797 100 1320,552,1224,1224
798 100 1344,552,1224,1224
799 100 1344,552,1224,1224
800 100 1368,552,1224,1200
801 100 1368,552,1224,1200
802 100 1392,552,1224,1200
803 100 1392,552,1224,1200
804 100 1416,552,1224,1224
805 100 1416,552,1224,1224
806 100 1440,576,1224,1200
807 100 1440,576,1224,1200
808 100 1440,576,1224,1200
809 100 1440,576,1224,1200
810 100 1464,576,1224,1200
811 100 1464,576,1224,1200
812 100 1512,576,1224,1200
813 100 1512,576,1224,1200
814 100 1536,576,1224,1224
815 100 1536,576,1224,1224
816 100 1560,576,1224,1200
817 100 1560,576,1224,1200
818 100 1584,576,1224,1200
819 100 1584,576,1224,1200
820 100 1608,576,1224,1224
821 100 1608,576,1224,1224
822 100 1632,576,1224,1224
823 100 1632,576,1224,1224
824 100 1632,600,1224,1200
825 100 1632,600,1224,1200
826 100 1632,600,1224,1224
827 100 1632,600,1224,1224
828 100 1656,600,1224,1200
829 100 1656,600,1224,1200
830 100 1704,576,1224,1224
831 100 1704,576,1224,1224
832 100 1728,576,1224,1200
833 100 1728,576,1224,1200
834 100 1728,576,1224,1224
835 100 1728,576,1224,1224
836 100 1752,600,1224,1200
837 100 1752,600,1224,1200
838 100 1776,600,1224,1200
839 100 1776,600,1224,1200
840 100 1824,600,1224,1200
841 100 1824,600,1224,1200
842 100 1824,624,1224,1200
843 100 1824,624,1224,1200
844 100 1824,624,1224,1200
845 100 1824,624,1224,1200
846 100 1824,624,1224,1200
847 100 1824,624,1224,1200
848 100 1848,624,1224,1200
849 100 1848,624,1224,1200
850 100 1920,600,1224,1224
851 100 1920,600,1224,1224
852 100 1968,600,1224,1224
853 100 1968,600,1224,1224
854 100 2016,600,1224,1224
855 100 2016,600,1224,1224
856 100 2064,600,1224,1200
857 100 2064,600,1224,1200
858 100 2088,600,1224,1200
859 100 2088,600,1224,1200
860 100 2088,600,1224,1224
861 100 2088,600,1224,1224
862 100 2112,624,1224,1200
863 100 2112,624,1224,1200
864 100 2136,600,1224,1200
865 100 2136,600,1224,1200
866 100 2160,576,1224,1200
867 100 2160,576,1224,1200
868 100 2160,600,1224,1200
869 100 2160,600,1224,1200
870 100 2160,600,1224,1200
871 100 2160,600,1224,1200
872 100 2184,576,1224,1200
873 100 2184,576,1224,1200
874 100 2184,576,1224,1200
875 100 2184,576,1224,1200
876 100 2184,576,1224,1200
877 100 2184,576,1224,1200
878 100 2184,576,1224,1200
879 100 2184,576,1224,1200
880 100 2184,600,1224,1200
881 100 2184,600,1224,1200
882 100 2184,600,1224,1200
883 100 2184,600,1224,1200
884 100 2184,600,1224,1200
885 100 2184,600,1224,1200
886 100 2184,576,1224,1224
887 100 2184,576,1224,1224
888 100 2184,576,1224,1224
889 100 2184,576,1224,1224
890 100 2184,576,1224,1200
891 100 2184,576,1224,1200
892 100 2208,576,1224,1200
893 100 2208,576,1224,1200
894 100 2232,552,1224,1200
895 100 2232,552,1224,1200
896 100 2232,528,1224,1200
897 100 2232,528,1224,1200
898 100 2256,504,1224,1200
899 100 2256,504,1224,1200
900 100 2280,504,1224,1200
901 100 2280,504,1224,1200
902 100 2280,504,1224,1200
903 100 2280,504,1224,1200
904 100 2280,504,1224,1224
905 100 2280,504,1224,1224
906 100 2280,528,1224,1200
907 100 2280,528,1224,1200
908 100 2256,528,1224,1200
909 100 2256,528,1224,1200
910 100 2256,528,1224,1200
911 100 2256,528,1224,1200
912 100 2256,528,1224,1200
913 100 2256,528,1224,1200
914 100 2256,504,1224,1224
915 100 2256,504,1224,1224
916 100 2256,504,1224,1224
917 100 2256,504,1224,1224
918 100 2256,504,1224,1224
919 100 2256,504,1224,1224
920 100 2280,504,1224,1224
921 100 2280,504,1224,1224
922 100 2280,528,1224,1200
923 100 2280,528,1224,1200
924 100 2280,528,1224,1200
925 100 2280,528,1224,1200
926 100 2304,528,1224,1224
927 100 2304,528,1224,1224
928 100 2304,528,1224,1224
929 100 2304,528,1224,1224
930 100 2304,528,1224,1224
931 100 2304,528,1224,1224
932 100 2280,552,1224,1200
933 100 2280,552,1224,1200
934 100 2280,552,1224,1200
935 100 2280,552,1224,1200
936 100 2280,552,1224,1200
937 100 2280,552,1224,1200
938 100 2280,552,1224,1200
939 100 2280,552,1224,1200
940 100 2280,528,1224,1224
941 100 2280,528,1224,1224
942 100 2280,528,1224,1224
943 100 2280,528,1224,1224
944 100 2280,528,1224,1224
945 100 2280,528,1224,1224
946 100 2280,528,1224,1224
947 100 2280,528,1224,1224
948 100 2256,528,1224,1224
949 100 2256,528,1224,1224
950 100 2256,528,1224,1224
951 100 2256,528,1224,1224
952 100 2256,528,1224,1224
953 100 3384,552,1224,1200
954 100 2256,528,1224,1224
955 100 2256,528,1224,1224
956 100 2256,528,1224,1224
957 100 2256,528,1224,1224
958 100 2256,528,1224,1224
959 100 2256,528,1224,1224
960 100 2256,528,1224,1224
961 100 2256,528,1224,1224
962 100 2256,528,1224,1224
963 100 2256,528,1224,1224
964 100 2256,528,1224,1224
965 100 2256,528,1224,1200
966 100 2256,528,1224,1200
967 100 2256,528,1224,1200
968 100 2256,528,1224,1200
969 100 2256,528,1224,1200
970 100 2256,528,1224,1200
971 100 2256,528,1224,1200
972 100 2256,528,1224,1200
973 100 2256,528,1224,1200
974 100 2256,528,1224,1200
975 100 2280,528,1224,1200
976 100 2280,528,1224,1200
977 100 2280,528,1224,1200
978 100 2280,528,1224,1200
979 100 2280,504,1224,1224
980 100 2280,504,1224,1224
981 100 2280,504,1224,1224
982 100 2280,504,1224,1224
983 100 2304,504,1224,1200
984 100 2304,504,1224,1200
985 100 2304,504,1224,1200
986 100 2304,504,1224,1200
987 100 2304,504,1224,1200
988 100 2304,504,1224,1200
989 100 2304,504,1224,1200
990 100 2304,504,1224,1200
991 100 2304,480,1224,1224
992 100 2304,480,1224,1224
993 100 2304,504,1224,1200
994 100 2304,504,1224,1200
995 100 2304,480,1224,1224
996 100 2304,480,1224,1224
997 100 2304,480,1224,1224
998 100 2304,480,1224,1224
999 100 2304,504,1224,1200
1000 100 2304,504,1224,1200
1001 100 2280,504,1224,1200
1002 100 2280,504,1224,1200
1003 100 2280,504,1224,1200
1004 100 2280,504,1224,1200
1005 100 2256,504,1224,1200
1006 100 2256,504,1224,1200
1007 100 2256,504,1224,1200
1008 100 2256,504,1224,1200
1009 100 2256,504,1224,1200
1010 100 2256,504,1224,1200
1011 100 2232,504,1224,1200
1012 100 2232,504,1224,1200
1013 100 2232,504,1224,1224
1014 100 2232,504,1224,1224
1015 100 2232,504,1224,1224
1016 100 2232,504,1224,1224
1017 100 2208,528,1224,1200
1018 100 2208,528,1224,1200
1019 100 2136,528,1224,1224
1020 100 2136,528,1224,1224
1021 100 2088,528,1224,1224
1022 100 2088,528,1224,1224
1023 100 2040,552,1224,1200
1024 100 2040,552,1224,1200
1025 100 2016,552,1224,1200
1026 100 2016,552,1224,1200
1027 100 2016,552,1224,1200
1028 100 2016,552,1224,1200
1029 100 2016,552,1224,1200
1030 100 2016,552,1224,1200
1031 100 2016,552,1224,1224
1032 100 2016,552,1224,1224
1033 100 2016,552,1224,1224
1034 100 2016,552,1224,1224
1035 100 2016,576,1224,1200
1036 100 2016,576,1224,1200
1037 100 2016,576,1224,1200
1038 100 2016,576,1224,1200
1039 100 1992,576,1224,1200
1040 100 1992,576,1224,1200
1041 100 1968,576,1224,1200
1042 100 1968,576,1224,1200
1043 100 1944,576,1224,1200
1044 100 1944,576,1224,1200
1045 100 1920,576,1224,1200
1046 100 1920,576,1224,1200
1047 100 1920,576,1224,1200
1048 100 1920,576,1224,1200
1049 100 1920,576,1224,1200
1050 100 1920,576,1224,1200
1051 100 1920,576,1224,1200
1052 100 1920,576,1224,1200
1053 100 1968,576,1224,1200
1054 100 1968,576,1224,1200
1055 100 2040,552,1224,1224
1056 100 2040,552,1224,1224
1057 100 2136,576,1224,1200
1058 100 2136,576,1224,1200
1059 100 2184,576,1224,1200
1060 100 2184,576,1224,1200
1061 100 2208,576,1224,1200
1062 100 2208,576,1224,1200
1063 100 2232,576,1224,1200
1064 100 2232,576,1224,1200
1065 100 2232,552,1224,1224
1066 100 2232,552,1224,1224
1067 100 2256,552,1224,1224
1068 100 2256,552,1224,1224
1069 100 2256,552,1224,1224
1070 100 2256,552,1224,1224
1071 100 2256,552,1224,1200
1072 100 2256,552,1224,1200
1073 100 2256,552,1224,1200
1074 100 2256,552,1224,1200
1075 100 2256,552,1224,1200
1076 100 2256,552,1224,1200
1077 100 24,552,1224,1200
1078 100 2256,552,1224,1200
1079 100 2256,552,1224,1200
1080 100 2256,552,1224,1200
1081 100 2256,552,1224,1200
1082 100 2256,552,1224,1200
1083 100 2256,552,1224,1200
1084 100 2256,552,1224,1200
1085 100 2256,552,1224,1200
1086 100 2256,552,1224,1200
1087 100 2256,552,1224,1200
1088 100 2256,552,1224,1200
1089 100 2256,552,1224,1200
1090 100 2256,552,1224,1200
1091 100 2256,552,1224,1200
1092 100 2280,528,1224,1224
1093 100 2280,528,1224,1224
1094 100 2280,528,1224,1224
1095 100 2280,528,1224,1224
1096 100 2280,528,1224,1224
1097 100 2280,528,1224,1224
1098 100 2280,528,1224,1224
1099 100 2280,528,1224,1224
1100 100 2280,528,1224,1224
1101 100 2280,528,1224,1224
1102 100 2280,528,1224,1224
1103 100 2280,528,1224,1224
1104 100 2280,528,1224,1224
1105 100 2280,528,1224,1224
1106 100 2280,528,1224,1224
1107 100 2280,528,1224,1224
1108 100 2304,552,1224,1200
1109 100 2304,552,1224,1200
1110 100 2352,528,1224,1224
1111 100 2352,528,1224,1224
1112 100 2400,552,1224,1200
1113 100 2400,552,1224,1200
1114 100 2424,552,1224,1200
1115 100 2424,552,1224,1200
1116 100 2448,552,1224,1200
1117 100 2448,552,1224,1200
1118 100 2472,552,1224,1200
1119 100 2472,552,1224,1200
1120 100 2496,552,1224,1200
1121 100 2496,552,1224,1200
1122 100 2544,552,1224,1200
1123 100 2544,552,1224,1200
1124 100 2568,528,1224,1224
1125 100 2568,528,1224,1224
1126 100 2616,528,1224,1224
1127 100 2616,528,1224,1224
1128 100 2640,528,1224,1224
1129 100 2640,528,1224,1224
1130 100 2784,528,1224,1224
1131 100 2784,528,1224,1224
1132 100 2832,552,1224,1200
1133 100 2832,552,1224,1200
1134 100 2832,552,1224,1200
1135 100 2832,552,1224,1200
1136 100 2832,552,1224,1200
1137 100 2832,552,1224,1200
1138 100 2832,552,1224,1200
1139 100 2832,552,1224,1200
1140 100 2832,552,1224,1200
1141 100 2832,552,1224,1200
1142 100 2832,552,1224,1200
1143 100 2832,552,1224,1200
1144 100 2904,552,1224,1200
1145 100 2904,552,1224,1200
1146 100 2904,552,1224,1200
1147 100 2904,552,1224,1200
1148 100 2928,552,1224,1200
1149 100 2928,552,1224,1200
1150 100 2928,528,1224,1224
1151 100 2928,528,1224,1224
1152 100 2952,528,1224,1224
1153 100 2952,528,1224,1224
1154 100 2976,528,1224,1224
1155 100 2976,528,1224,1224
1156 100 3048,528,1224,1224
1157 100 3048,528,1224,1224
1158 100 3072,528,1224,1224
1159 100 3072,528,1224,1224
1160 100 3072,528,1224,1200
1161 100 3072,528,1224,1200
1162 100 3096,528,1224,1200
1163 100 3096,528,1224,1200
1164 100 3096,528,1224,1200
1165 100 3096,528,1224,1200
1166 100 3120,528,1224,1200
1167 100 3120,528,1224,1200
1168 100 3288,528,1224,1200
1169 100 3288,528,1224,1200
1170 100 3312,528,1224,1200
1171 100 3312,528,1224,1200
1172 100 3360,504,1224,1224
1173 100 3360,504,1224,1224
1174 100 3336,504,1224,1224
1175 100 3336,504,1224,1224
1176 100 3336,504,1224,1224
1177 100 3336,504,1224,1224
1178 100 3384,504,1224,1224
1179 100 3384,504,1224,1224
1180 100 3432,504,1224,1200
1181 100 3432,504,1224,1200
1182 100 3456,504,1224,1200
1183 100 3456,504,1224,1200
1184 100 3528,504,1224,1200
1185 100 3528,504,1224,1200
1186 100 3480,504,1224,1200
1187 100 3480,504,1224,1200
1188 100 3504,504,1224,1200
1189 100 3504,504,1224,1200
1190 100 3480,504,1224,1200
1191 100 3480,504,1224,1200
1192 100 3480,504,1224,1200
1193 100 3480,504,1224,1200
1194 100 3432,504,1224,1200
1195 100 3432,504,1224,1200
1196 100 3432,504,1224,1200
1197 100 3432,504,1224,1200
1198 100 3408,504,1224,1200
1199 100 3408,504,1224,1200
1200 100 3384,504,1224,1224
1201 100 3384,504,1224,1224
1202 100 3528,528,1224,1200
1203 100 3528,528,1224,1200
1204 100 48,528,1224,1224
1205 100 48,528,1224,1224
1206 100 3528,552,1224,1200
1207 100 3528,552,1224,1200
1208 100 3456,552,1224,1200
1209 100 3456,552,1224,1200
1210 100 3456,552,1224,1200
1211 100 3456,552,1224,1200
1212 100 3480,552,1224,1200
1213 100 3480,552,1224,1200
1214 100 48,528,1224,1224
1215 100 48,528,1224,1224
1216 100 3432,528,1224,1200
1217 100 3432,528,1224,1200
1218 100 3432,528,1224,1200
1219 100 3432,528,1224,1200
1220 100 3408,528,1224,1200
1221 100 3408,528,1224,1200
1222 100 24,528,1224,1224
1223 100 24,528,1224,1224
1224 100 3504,552,1224,1200
1225 100 3504,552,1224,1200
1226 100 3408,552,1224,1200
1227 100 3408,552,1224,1200
1228 100 48,552,1224,1224
1229 100 48,552,1224,1224
1230 100 24,576,1224,1200
1231 100 24,576,1224,1200
1232 100 24,576,1224,1200
1233 100 24,576,1224,1200
1234 100 48,576,1224,1200
1235 100 48,576,1224,1200
1236 100 72,552,1224,1224
1237 100 72,552,1224,1224
1238 100 192,552,1224,1224
1239 100 192,552,1224,1224
1240 100 0,552,1224,1200
1241 100 0,552,1224,1200
1242 100 168,552,1224,1224
1243 100 168,552,1224,1224
1244 100 96,576,1224,1200
1245 100 96,576,1224,1200
1246 100 72,576,1224,1200
1247 100 72,576,1224,1200
1248 100 0,552,1224,1224
1249 100 0,552,1224,1224
1250 100 48,552,1224,1200
1251 100 48,552,1224,1200
1252 100 0,552,1224,1200
1253 100 0,552,1224,1200
1254 100 24,552,1224,1200
1255 100 24,552,1224,1200
1256 100 48,552,1224,1200
1257 100 48,552,1224,1200
1258 100 24,552,1224,1200
1259 100 24,552,1224,1200
1260 100 24,552,1224,1200
1261 100 24,552,1224,1200
1262 100 24,552,1224,1200
1263 100 24,552,1224,1200
1264 100 24,552,1224,1200
1265 100 24,552,1224,1200
1266 100 24,552,1224,1200
1267 100 24,552,1224,1200
1268 100 0,552,1224,1224
1269 100 0,552,1224,1224
1270 100 0,552,1224,1224
1271 100 0,552,1224,1224
1272 100 48,576,1224,1200
1273 100 48,576,1224,1200
1274 100 24,576,1224,1200
1275 100 24,576,1224,1200
1276 100 24,576,1224,1200
1277 100 24,576,1224,1200
1278 100 24,576,1224,1200
1279 100 24,576,1224,1200
1280 100 24,576,1224,1200
1281 100 24,576,1224,1200
1282 100 24,576,1224,1200
1283 100 24,576,1224,1200
1284 100 24,576,1224,1200
1285 100 24,576,1224,1200
1286 100 0,576,1224,1200
1287 100 0,576,1224,1200
1288 100 0,576,1224,1200
1289 100 0,576,1224,1200
1290 100 0,576,1224,1200
1291 100 0,576,1224,1200
1292 100 48,576,1224,1200
1293 100 48,576,1224,1200
1294 100 48,576,1224,1200
1295 100 48,576,1224,1200
1296 100 48,576,1224,1200
1297 100 48,576,1224,1200
1298 100 48,576,1224,1200
1299 100 48,576,1224,1200
1300 100 24,576,1224,1200
1301 100 24,576,1224,1200
1302 100 24,576,1224,1200
1303 100 24,576,1224,1200
1304 100 24,576,1224,1200
1305 100 24,576,1224,1200
1306 100 24,576,1224,1200
1307 100 24,576,1224,1200
1308 100 48,576,1224,1200
1309 100 48,576,1224,1200
1310 100 0,552,1224,1200
1311 100 0,552,1224,1200
1312 100 0,528,1224,1200
1313 100 0,528,1224,1200
1314 100 0,504,1224,1200
1315 100 0,504,1224,1200
1316 100 0,480,1224,1200
1317 100 0,480,1224,1200
1318 100 0,432,1224,1224
1319 100 0,432,1224,1224
1320 100 72,432,1224,1200
1321 100 72,432,1224,1200
1322 100 96,432,1224,1200
1323 100 96,432,1224,1200
1324 100 0,432,1224,1200
1325 100 0,432,1224,1200
1326 100 0,432,1224,1200
1327 100 0,432,1224,1200
1328 100 0,432,1224,1200
1329 100 0,432,1224,1200
1330 100 96,432,1224,1200
1331 100 96,432,1224,1200
1332 100 0,432,1224,1200
1333 100 0,432,1224,1200
1334 100 0,432,1224,1200
1335 100 0,432,1224,1200
1336 100 0,432,1224,1200
1337 100 0,432,1224,1200
1338 100 0,432,1224,1200
1339 100 48,432,1224,1200
1340 100 48,432,1224,1200
1341 100 24,432,1224,1200
1342 100 24,432,1224,1200
1343 100 3408,432,1224,1200
1344 100 3408,432,1224,1200
1345 100 144,432,1224,1224
1346 100 144,432,1224,1224
1347 100 72,432,1224,1224
1348 100 72,432,1224,1224
1349 100 96,432,1224,1224
1350 100 96,432,1224,1224
1351 100 24,456,1224,1200
1352 100 0,456,1224,1200
1353 100 3528,456,1224,1200
1354 100 3528,456,1224,1200
1355 100 3480,456,1224,1200
1356 100 3480,456,1224,1200
1357 100 3456,456,1224,1200
1358 100 3456,456,1224,1200
1359 100 3456,456,1224,1200
1360 100 3456,456,1224,1200
1361 100 3432,456,1224,1200
1362 100 3432,456,1224,1200
1363 100 3408,456,1224,1200
1364 100 3408,456,1224,1200
1365 100 24,456,1224,1224
1366 100 24,456,1224,1224
1367 100 0,456,1224,1224
1368 100 0,456,1224,1224
1369 100 3600,456,1224,1224
1370 100 3600,456,1224,1224
1371 100 3528,480,1224,1200
1372 100 3528,480,1224,1200
1373 100 3480,480,1224,1200
1374 100 3480,480,1224,1200
1375 100 3432,480,1224,1200
1376 100 3432,480,1224,1200
1377 100 3408,480,1224,1200
1378 100 3408,480,1224,1200
1379 100 3384,480,1224,1224
1380 100 3384,480,1224,1224
1381 100 3216,480,1224,1200
1382 100 3216,480,1224,1200
1383 100 3312,504,1224,1200
1384 100 3312,504,1224,1200
1385 100 3240,504,1224,1200
1386 100 3240,504,1224,1200
1387 100 3216,504,1224,1200
1388 100 3216,504,1224,1200
1389 100 3144,528,1224,1200
1390 100 3144,528,1224,1200
1391 100 3144,528,1224,1200
1392 100 3144,528,1224,1200
1393 100 3000,528,1224,1200
1394 100 3000,528,1224,1200
1395 100 2976,528,1224,1200
1396 100 2976,528,1224,1200
1397 100 2880,528,1224,1200
1398 100 2880,528,1224,1200
1399 100 2784,528,1224,1200
1400 100 2784,528,1224,1200
1401 100 2760,552,1224,1200
1402 100 2760,552,1224,1200
1403 100 2688,552,1224,1200
1404 100 2688,552,1224,1200
1405 100 2616,552,1224,1200
1406 100 2616,552,1224,1200
1407 100 2568,552,1224,1224
1408 100 2568,552,1224,1224
1409 100 2496,576,1224,1200
1410 100 2496,576,1224,1200
1411 100 2424,576,1224,1200
1412 100 2424,576,1224,1200
1413 100 2376,576,1224,1200
1414 100 2376,576,1224,1200
1415 100 2328,576,1224,1200
1416 100 2328,576,1224,1200
1417 100 2280,576,1224,1200
1418 100 2280,576,1224,1200
1419 100 2232,576,1224,1200
1420 100 2232,576,1224,1200
1421 100 2184,576,1224,1200
1422 100 2184,576,1224,1200
1423 100 2160,576,1224,1200
1424 100 2160,576,1224,1200
1425 100 2136,552,1224,1224
1426 100 2136,552,1224,1224
1427 100 2112,552,1224,1224
1428 100 2112,552,1224,1224
1429 100 2064,552,1224,1224
1430 100 2064,552,1224,1224
1431 100 2016,552,1224,1224
1432 100 2016,552,1224,1224
1433 100 1968,552,1224,1224
1434 100 1968,552,1224,1224
1435 100 1920,552,1224,1224
1436 100 1920,552,1224,1224
1437 100 1872,552,1224,1224
1438 100 1872,552,1224,1224
1439 100 1848,552,1224,1224
1440 100 1848,552,1224,1224
1441 100 1800,552,1224,1224
1442 100 1800,552,1224,1224
1443 100 1752,552,1224,1224
1444 100 1752,552,1224,1224
1445 100 1728,552,1224,1224
1446 100 1728,552,1224,1224
1447 100 1680,552,1224,1224
1448 100 1680,552,1224,1224
1449 100 1632,576,1224,1200
1450 100 1632,576,1224,1200
1451 100 1584,552,1224,1224
1452 100 1584,552,1224,1224
1453 100 1560,552,1224,1200
1454 100 1560,552,1224,1200
1455 100 1512,528,1224,1224
1456 100 1512,528,1224,1224
1457 100 1440,528,1224,1224
1458 100 1440,528,1224,1224
1459 100 1368,552,1224,1200
1460 100 1368,552,1224,1200
1461 100 1344,552,1224,1200
1462 100 1344,552,1224,1200
1463 100 1320,528,1224,1224
1464 100 1320,528,1224,1224
1465 100 1296,504,1224,1224
1466 100 1296,504,1224,1224
1467 100 1272,504,1224,1200
1468 100 1272,504,1224,1200
1469 100 1248,504,1224,1224
1470 100 1248,504,1224,1224
1471 100 3384,552,1224,1200
1472 100 1248,504,1224,1224
1473 100 1248,504,1224,1224
1474 100 1248,504,1224,1224
1475 100 1248,504,1224,1224
1476 100 1248,504,1224,1224
1477 100 1248,504,1224,1224
1478 100 1224,528,1224,1200
1479 100 1224,528,1224,1200
1480 100 1224,528,1224,1200
1481 100 1224,528,1224,1200
1482 100 1224,528,1224,1224
1483 100 1224,528,1224,1224
1484 100 1224,552,1224,1200
1485 100 1224,552,1224,1200
1486 100 1224,552,1224,1200
1487 100 1224,552,1224,1200
1488 100 1200,552,1224,1224
1489 100 1200,552,1224,1224
1490 100 1200,576,1224,1200
1491 100 1200,576,1224,1200
1492 100 1200,576,1224,1200
1493 100 1200,576,1224,1200
1494 100 1224,576,1224,1200
1495 100 1224,576,1224,1200
1496 100 1224,576,1224,1200
1497 100 1224,576,1224,1200
1498 100 1248,576,1224,1200
1499 100 1248,576,1224,1200
1500 100 1248,576,1224,1224
1501 100 1248,576,1224,1224
1502 100 1248,576,1224,1224
1503 100 1248,576,1224,1224
1504 100 1248,576,1224,1224
1505 100 1248,576,1224,1224
1506 100 1248,576,1224,1200
1507 100 1248,576,1224,1200
1508 100 1248,552,1224,1224
1509 100 1248,552,1224,1224
1510 100 1248,552,1224,1200
1511 100 1248,552,1224,1200
1512 100 1248,552,1224,1200
1513 100 1248,552,1224,1200
1514 100 1248,552,1224,1200
1515 100 1248,552,1224,1200
1516 100 1224,552,1224,1200
1517 100 1224,552,1224,1200
1518 100 1224,552,1224,1200
1519 100 1224,552,1224,1200
1520 100 1224,552,1224,1200
1521 100 1224,552,1224,1200
1522 100 1200,552,1224,1200
1523 100 1200,552,1224,1200
1524 100 1200,552,1224,1224
1525 100 1200,552,1224,1224
1526 100 1152,576,1224,1200
1527 100 1152,576,1224,1200
1528 100 1128,576,1224,1224
1529 100 1128,576,1224,1224
1530 100 1056,576,1224,1200
1531 100 1056,576,1224,1200
1532 100 1032,576,1224,1200
1533 100 1032,576,1224,1200
1534 100 984,600,1224,1200
1535 100 984,600,1224,1200
1536 100 984,600,1224,1200
1537 100 48,576,1224,1200
1538 100 984,600,1224,1224
1539 100 984,600,1224,1224
1540 100 984,600,1224,1200
1541 100 984,600,1224,1200
1542 100 960,600,1224,1200
1543 100 960,600,1224,1200
1544 100 936,600,1224,1224
1545 100 936,600,1224,1224
1546 100 912,600,1224,1224
1547 100 912,600,1224,1224
1548 100 912,600,1224,1224
1549 100 912,600,1224,1224
1550 100 912,624,1224,1200
1551 100 912,624,1224,1200
1552 100 912,600,1224,1224
1553 100 912,600,1224,1224
1554 100 912,600,1224,1200
1555 100 912,600,1224,1200
1556 100 912,576,1224,1224
1557 100 912,576,1224,1224
1558 100 912,576,1224,1224
1559 100 912,576,1224,1224
1560 100 888,576,1224,1224
1561 100 888,576,1224,1224
1562 100 864,576,1224,1224
1563 100 864,576,1224,1224
1564 100 864,576,1224,1224
1565 100 864,576,1224,1224
1566 100 840,576,1224,1200
1567 100 840,576,1224,1200
1568 100 840,576,1224,1200
1569 100 840,576,1224,1200
1570 100 816,576,1224,1200
1571 100 816,576,1224,1200
1572 100 792,576,1224,1200
1573 100 792,576,1224,1200
1574 100 768,552,1224,1200
1575 100 768,552,1224,1200
1576 100 768,528,1224,1224
1577 100 768,528,1224,1224
1578 100 720,552,1224,1200
1579 100 720,552,1224,1200
1580 100 672,552,1224,1224
1581 100 672,552,1224,1224
1582 100 624,528,1224,1224
1583 100 624,528,1224,1224
1584 100 600,528,1224,1200
1585 100 600,528,1224,1200
1586 100 552,504,1224,1224
1587 100 552,504,1224,1224
1588 100 528,504,1224,1224
1589 100 528,504,1224,1224
1590 100 504,504,1224,1200
1591 100 504,504,1224,1200
1592 100 480,504,1224,1200
1593 100 456,480,1224,1224
1594 100 456,480,1224,1224
1595 100 456,480,1224,1224
1596 100 456,480,1224,1224
1597 100 456,480,1224,1224
1598 100 456,480,1224,1224
1599 100 456,480,1224,1224
1600 100 432,480,1224,1200
1601 100 432,480,1224,1200
1602 100 432,480,1224,1200
1603 100 432,480,1224,1200
1604 100 408,480,1224,1200
1605 100 408,480,1224,1200
1606 100 408,456,1224,1224
1607 100 408,456,1224,1224
1608 100 408,456,1224,1224
1609 100 408,456,1224,1224
1610 100 408,456,1224,1224
1611 100 408,456,1224,1224
1612 100 408,456,1224,1200
1613 100 408,456,1224,1200
1614 100 432,456,1224,1200
1615 100 432,456,1224,1200
1616 100 432,456,1224,1200
1617 100 432,456,1224,1200
1618 100 456,456,1224,1200
1619 100 456,456,1224,1200
1620 100 456,456,1224,1200
1621 100 456,456,1224,1200
1622 100 456,456,1224,1224
1623 100 456,456,1224,1224
1624 100 456,456,1224,1224
1625 100 456,456,1224,1224
1626 100 432,480,1224,1200
1627 100 3408,552,1224,1200
1628 100 432,480,1224,1200
1629 100 432,480,1224,1200
1630 100 432,480,1224,1200
1631 100 432,480,1224,1200
1632 100 432,480,1224,1200
1633 100 432,480,1224,1200
1634 100 432,480,1224,1200
1635 100 432,480,1224,1200
1636 100 432,480,1224,1200
1637 100 432,480,1224,1200
1638 100 408,480,1224,1200
1639 100 408,480,1224,1200
1640 100 408,456,1224,1200
1641 100 408,456,1224,1200
1642 100 408,432,1224,1200
1643 100 408,432,1224,1200
1644 100 408,408,1224,1200
1645 100 408,408,1224,1200
1646 100 408,384,1224,1200
1647 100 408,384,1224,1200
1648 100 432,384,1224,1200
1649 100 432,384,1224,1200
1650 100 432,384,1224,1200
1651 100 432,384,1224,1200
1652 100 456,384,1224,1224
1653 100 456,384,1224,1224
1654 100 456,408,1224,1200
1655 100 456,408,1224,1200
1656 100 456,408,1224,1200
1657 100 456,408,1224,1200
1658 100 456,408,1224,1200
1659 100 456,408,1224,1200
1660 100 456,408,1224,1200
1661 100 456,408,1224,1200
1662 100 456,408,1224,1200
1663 100 432,384,1224,1224
1664 100 432,384,1224,1224
1665 100 456,384,1224,1224
1666 100 0,552,1224,1200
1667 100 456,384,1224,1224
1668 100 456,384,1224,1224
1669 100 456,384,1224,1224
1670 100 456,384,1224,1224
1671 100 456,384,1224,1224
1672 100 456,384,1224,1224
1673 100 456,384,1224,1224
1674 100 432,384,1224,1200
1675 100 432,384,1224,1200
1676 100 432,384,1224,1200
1677 100 432,384,1224,1200
1678 100 432,360,1224,1224
1679 100 432,360,1224,1224
1680 100 432,360,1224,1224
1681 100 432,360,1224,1200
1682 100 432,360,1224,1200
1683 100 432,360,1224,1200
1684 100 432,360,1224,1200
1685 100 432,360,1224,1200
1686 100 432,360,1224,1200
1687 100 456,360,1224,1200
1688 100 456,360,1224,1200
1689 100 456,360,1224,1200
1690 100 456,360,1224,1200
1691 100 456,360,1224,1200
1692 100 456,360,1224,1200
1693 100 456,360,1224,1200
1694 100 456,360,1224,1200
1695 100 504,384,1224,1200
1696 100 504,384,1224,1200
1697 100 552,432,1224,1200
1698 100 552,432,1224,1200
1699 100 528,504,1224,1200
1700 100 432,552,1224,1200
1701 100 432,552,1224,1200
1702 100 360,552,1224,1200
1703 100 360,552,1224,1200
1704 100 360,552,1224,1224
1705 100 360,552,1224,1224
1706 100 384,552,1224,1224
1707 100 384,552,1224,1224
1708 100 408,552,1224,1200
1709 100 408,552,1224,1200
1710 100 384,552,1224,1224
1711 100 384,552,1224,1224
1712 100 384,552,1224,1200
1713 100 384,552,1224,1200
1714 100 408,552,1224,1200
1715 100 408,552,1224,1200
1716 100 408,552,1224,1224
1717 100 408,552,1224,1224
1718 100 384,576,1224,1200
1719 100 384,576,1224,1200
1720 100 336,528,1224,1224
1721 100 336,528,1224,1224
1722 100 288,504,1224,1224
1723 100 288,504,1224,1224
1724 100 216,504,1224,1224
1725 100 216,504,1224,1224
1726 100 168,528,1224,1224
1727 100 168,528,1224,1224
1728 100 144,528,1224,1224
1729 100 144,528,1224,1224
1730 100 144,528,1224,1224
1731 100 144,528,1224,1224
1732 100 144,528,1224,1224
1733 100 144,528,1224,1224
1734 100 144,528,1224,1224
1735 100 120,528,1224,1224
1736 100 120,528,1224,1224
1737 100 120,528,1224,1224
1738 100 120,528,1224,1224
1739 100 72,552,1224,1200
1740 100 48,552,1224,1224
1741 100 48,552,1224,1224
1742 100 48,552,1224,1224
1743 100 48,552,1224,1224
1744 100 24,552,1224,1200
1745 100 24,552,1224,1200
1746 100 24,528,1224,1224
1747 100 24,528,1224,1224
1748 100 24,552,1224,1200
1749 100 24,552,1224,1200
1750 100 24,552,1224,1224
1751 100 0,552,1224,1200
1752 100 0,552,1224,1200
1753 100 0,552,1224,1200
1754 100 0,552,1224,1224
1755 100 0,552,1224,1224
1756 100 0,552,1224,1224
1757 100 0,552,1224,1224
1758 100 0,552,1224,1224
1759 100 0,552,1224,1224
1760 100 0,552,1224,1224
1761 100 0,552,1224,1224
1762 100 0,552,1224,1224
1763 100 0,552,1224,1224
1764 100 0,552,1224,1200
1765 100 0,552,1224,1200
1766 100 0,552,1224,1200
1767 100 0,552,1224,1200
1768 100 0,552,1224,1200
1769 100 0,552,1224,1200
1770 100 0,552,1224,1224
1771 100 24,552,1224,1224
1772 100 24,552,1224,1224
1773 100 24,552,1224,1224
1774 100 72,528,1224,1224
1775 100 72,528,1224,1224
1776 100 3456,552,1224,1200
1777 100 120,528,1224,1200
1778 100 120,528,1224,1200
1779 100 144,504,1224,1224
1780 100 144,504,1224,1224
1781 100 168,504,1224,1224
1782 100 168,504,1224,1224
1783 100 192,504,1224,1224
1784 100 192,504,1224,1224
1785 100 216,504,1224,1224
1786 100 216,504,1224,1224
1787 100 240,528,1224,1200
1788 100 240,528,1224,1200
1789 100 240,528,1224,1200
1790 100 240,528,1224,1200
1791 100 264,528,1224,1224
1792 100 264,528,1224,1224
1793 100 264,528,1224,1224
1794 100 264,528,1224,1224
1795 100 264,528,1224,1224
1796 100 264,528,1224,1224
1797 100 264,528,1224,1224
1798 100 3456,552,1224,1200
1799 100 288,528,1224,1224
1800 100 288,528,1224,1224
1801 100 288,552,1224,1200
1802 100 288,552,1224,1200
1803 100 288,552,1224,1224
1804 100 1248,552,1224,1200
1805 100 288,552,1224,1224
1806 100 312,552,1224,1224
1807 100 312,552,1224,1224
1808 100 312,552,1224,1224
1809 100 312,552,1224,1224
1810 100 288,576,1224,1224
1811 100 288,576,1224,1224
1812 100 264,600,1224,1224
1813 100 264,600,1224,1224
1814 100 264,624,1224,1200
1815 100 264,624,1224,1200
1816 100 240,648,1224,1200
1817 100 240,648,1224,1200
1818 100 240,624,1224,1200
1819 100 240,624,1224,1200
1820 100 240,624,1224,1224
1821 100 240,624,1224,1224
1822 100 216,648,1224,1200
1823 100 216,648,1224,1200
1824 100 216,648,1224,1200
1825 100 216,648,1224,1200
1826 100 192,648,1224,1200
1827 100 192,648,1224,1200
1828 100 192,648,1224,1200
1829 100 192,648,1224,1200
1830 100 216,624,1224,1224
1831 100 216,624,1224,1224
1832 100 216,624,1224,1224
1833 100 216,624,1224,1224
1834 100 192,624,1224,1200
1835 100 192,624,1224,1200
1836 100 216,600,1224,1200
1837 100 216,600,1224,1200
1838 100 192,600,1224,1200
1839 100 0,552,1224,1200
1840 100 192,600,1224,1200
1841 100 192,600,1224,1200
1842 100 192,600,1224,1200
1843 100 192,576,1224,1200
1844 100 192,576,1224,1200
1845 100 168,576,1224,1200
1846 100 168,576,1224,1200
1847 100 168,576,1224,1200
1848 100 168,576,1224,1200
1849 100 168,576,1224,1200
1850 100 168,576,1224,1200
1851 100 168,552,1224,1224
1852 100 168,552,1224,1224
1853 100 168,552,1224,1200
1854 100 168,552,1224,1200
1855 100 168,528,1224,1224
1856 100 168,528,1224,1224
1857 100 192,504,1224,1200
1858 100 192,504,1224,1200
1859 100 144,456,1224,1200
1860 100 144,456,1224,1200
1861 100 144,408,1224,1224
1862 100 144,408,1224,1224
1863 100 144,384,1224,1224
1864 100 144,384,1224,1224
1865 100 144,384,1224,1224
1866 100 144,384,1224,1224
1867 100 192,408,1224,1224
1868 100 192,408,1224,1224
1869 100 216,432,1224,1200
1870 100 216,432,1224,1200
1871 100 264,432,1224,1224
1872 100 264,432,1224,1224
1873 100 264,456,1224,1200
1874 100 264,456,1224,1200
1875 100 288,456,1224,1200
1876 100 288,456,1224,1200
1877 100 288,456,1224,1200
1878 100 288,456,1224,1200
1879 100 288,456,1224,1200
1880 100 0,552,1224,1200
1881 100 0,552,1224,1200
1882 100 288,456,1224,1200
1883 100 288,456,1224,1200
1884 100 288,456,1224,1200
1885 100 288,456,1224,1200
1886 100 288,456,1224,1224
1887 100 288,456,1224,1224
1888 100 312,480,1224,1200
1889 100 312,480,1224,1200
1890 100 312,480,1224,1200
1891 100 312,480,1224,1200
1892 100 288,480,1224,1200
1893 100 288,480,1224,1200
1894 100 312,504,1224,1200
1895 100 312,504,1224,1200
1896 100 312,504,1224,1200
1897 100 312,504,1224,1200
1898 100 336,504,1224,1200
1899 100 336,504,1224,1200
1900 100 336,504,1224,1200
1901 100 336,504,1224,1200
1902 100 336,504,1224,1224
1903 100 336,504,1224,1224
1904 100 336,528,1224,1200
1905 100 336,528,1224,1200
1906 100 336,552,1224,1200
1907 100 336,552,1224,1200
1908 100 360,528,1224,1224
1909 100 360,528,1224,1224
1910 100 384,528,1224,1224
1911 100 384,528,1224,1224
1912 100 408,552,1224,1200
1913 100 408,552,1224,1200
1914 100 408,552,1224,1224
1915 100 408,552,1224,1224
1916 100 408,552,1224,1224
1917 100 408,552,1224,1224
1918 100 432,552,1224,1200
1919 100 432,552,1224,1200
1920 100 456,552,1224,1224
1921 100 456,552,1224,1224
1922 100 480,576,1224,1200
1923 100 480,576,1224,1200
1924 100 504,576,1224,1200
1925 100 504,576,1224,1200
1926 100 528,552,1224,1224
1927 100 528,552,1224,1224
1928 100 504,552,1224,1224
1929 100 504,552,1224,1224
1930 100 504,552,1224,1224
1931 100 504,552,1224,1224
1932 100 480,576,1224,1200
1933 100 480,576,1224,1200
1934 100 480,552,1224,1224
1935 100 480,552,1224,1224
1936 100 480,576,1224,1200
1937 100 480,576,1224,1200
1938 100 480,576,1224,1200
1939 100 480,576,1224,1200
1940 100 480,576,1224,1224
1941 100 480,576,1224,1224
1942 100 480,576,1224,1224
1943 100 480,576,1224,1224
1944 100 480,576,1224,1200
1945 100 480,576,1224,1200
1946 100 480,576,1224,1200
1947 100 480,576,1224,1200
1948 100 480,576,1224,1200
1949 100 480,576,1224,1200
1950 100 480,576,1224,1200
1951 100 480,576,1224,1200
1952 100 480,552,1224,1224
1953 100 480,552,1224,1200
1954 100 480,552,1224,1200
1955 100 480,552,1224,1200
1956 100 480,552,1224,1224
1957 100 480,552,1224,1224
1958 100 456,552,1224,1200
1959 100 456,552,1224,1200
1960 100 456,528,1224,1224
1961 100 456,528,1224,1224
1962 100 432,528,1224,1200
1963 100 432,528,1224,1200
1964 100 432,528,1224,1200
1965 100 432,528,1224,1200
1966 100 432,528,1224,1224
1967 100 432,528,1224,1224
1968 100 456,528,1224,1224
1969 100 456,528,1224,1224
1970 100 480,552,1224,1200
1971 100 480,552,1224,1200
1972 100 528,552,1224,1200
1973 100 528,552,1224,1200
1974 100 624,552,1224,1200
1975 100 648,552,1224,1200
1976 100 648,552,1224,1200
1977 100 696,528,1224,1224
1978 100 696,528,1224,1224
1979 100 720,552,1224,1200
1980 100 720,552,1224,1200
1981 100 744,552,1224,1200
1982 100 3456,552,1224,1200
1983 100 744,552,1224,1200
1984 100 768,552,1224,1200
1985 100 768,552,1224,1200
1986 100 792,552,1224,1200
1987 100 792,552,1224,1200
1988 100 816,552,1224,1200
1989 100 816,552,1224,1200
1990 100 816,552,1224,1200
1991 100 816,552,1224,1200
1992 100 840,552,1224,1200
1993 100 840,552,1224,1200
1994 100 864,552,1224,1200
1995 100 864,552,1224,1200
1996 100 912,552,1224,1200
1997 100 912,552,1224,1200
1998 100 936,552,1224,1200
1999 100 936,552,1224,1200
2000 100 984,528,1224,1224
2001 100 984,528,1224,1224
2002 100 1008,528,1224,1224
2003 100 1008,528,1224,1224
2004 100 1008,528,1224,1224
2005 100 432,480,1224,1200
2006 100 1008,528,1224,1224
2007 100 1032,528,1224,1224
2008 100 1032,528,1224,1224
2009 100 1080,528,1224,1200
2010 100 1080,528,1224,1200
2011 100 1104,528,1224,1224
2012 100 1104,528,1224,1224
2013 100 1128,528,1224,1200
2014 100 1128,528,1224,1200
2015 100 1152,528,1224,1200
2016 100 1152,528,1224,1200
2017 100 1176,528,1224,1200
2018 100 1176,528,1224,1200
2019 100 1224,528,1224,1200
2020 100 1248,528,1224,1200
2021 100 1248,528,1224,1200
2022 100 1248,528,1224,1200
2023 100 1272,528,1224,1200
2024 100 1272,528,1224,1200
2025 100 1272,528,1224,1200
2026 100 1272,528,1224,1200
2027 100 1272,504,1224,1224
2028 100 1272,504,1224,1224
2029 100 1272,504,1224,1224
2030 100 1272,504,1224,1224
2031 100 1272,504,1224,1200
2032 100 1272,504,1224,1200
2033 100 1296,504,1224,1200
2034 100 1296,504,1224,1200
2035 100 1320,480,1224,1224
2036 100 1320,480,1224,1224
2037 100 1320,480,1224,1200
2038 100 1320,480,1224,1200
2039 100 1320,480,1224,1200
2040 100 1320,480,1224,1200
2041 100 1296,456,1224,1224
2042 100 1296,456,1224,1224
2043 100 1296,456,1224,1224
2044 100 1296,456,1224,1224
2045 100 1296,456,1224,1224
2046 100 1296,456,1224,1224
2047 100 1296,456,1224,1200
2048 100 1296,456,1224,1200
2049 100 1296,456,1224,1200
2050 100 1296,456,1224,1200
2051 100 1320,456,1224,1200
2052 100 1320,456,1224,1200
2053 100 1320,456,1224,1200
2054 100 1320,456,1224,1200
2055 100 1320,456,1224,1200
2056 100 1320,456,1224,1200
2057 100 1320,456,1224,1224
2058 100 1320,456,1224,1224
2059 100 1320,456,1224,1200
2060 100 1320,456,1224,1200
2061 100 1320,456,1224,1200
2062 100 1320,456,1224,1200
2063 100 1320,456,1224,1200
2064 100 1344,456,1224,1200
2065 100 1344,456,1224,1200
2066 100 1344,456,1224,1200
2067 100 1344,456,1224,1224
2068 100 1344,456,1224,1224
2069 100 1320,456,1224,1200
2070 100 1320,456,1224,1200
2071 100 1320,456,1224,1200
2072 100 1320,456,1224,1200
2073 100 1320,456,1224,1200
2074 100 1320,456,1224,1200
2075 100 1320,456,1224,1200
2076 100 1320,456,1224,1200
2077 100 1320,456,1224,1200
2078 100 1320,456,1224,1200
2079 100 1296,456,1224,1200
2080 100 1296,456,1224,1200
2081 100 1296,456,1224,1200
2082 100 1296,456,1224,1200
2083 100 1296,456,1224,1200
2084 100 1296,456,1224,1200
2085 100 1296,456,1224,1200
2086 100 1296,456,1224,1200
2087 100 1296,456,1224,1200
2088 100 1296,432,1224,1224
2089 100 1296,432,1224,1224
2090 100 1296,432,1224,1224
2091 100 1296,432,1224,1224
2092 100 1296,432,1224,1224
2093 100 1296,432,1224,1224
2094 100 1296,432,1224,1224
2095 100 1296,432,1224,1224
2096 100 1296,432,1224,1224
2097 100 1296,432,1224,1224
2098 100 1296,432,1224,1224
2099 100 1296,432,1224,1224
2100 100 1296,432,1224,1224
2101 100 1296,432,1224,1224
2102 100 1272,432,1224,1224
2103 100 1272,432,1224,1224
2104 100 1272,432,1224,1224
2105 100 1272,432,1224,1200
2106 100 1272,432,1224,1224
2107 100 1272,432,1224,1200
2108 100 1272,432,1224,1200
2109 100 1272,432,1224,1224
2110 100 1272,432,1224,1224
2111 100 1272,432,1224,1224
2112 100 1272,432,1224,1224
2113 100 1296,456,1224,1200
2114 100 1296,456,1224,1200
2115 100 1272,456,1224,1200
2116 100 1272,456,1224,1200
2117 100 1272,456,1224,1200
2118 100 1272,456,1224,1200
2119 100 1272,456,1224,1200
2120 100 1272,456,1224,1200
2121 100 1272,432,1224,1224
2122 100 1272,432,1224,1224
2123 100 1272,456,1224,1200
2124 100 1272,456,1224,1200
2125 100 1272,432,1224,1224
2126 100 1272,432,1224,1224
2127 100 1272,432,1224,1224
2128 100 1272,432,1224,1224
2129 100 1272,432,1224,1224
2130 100 1272,432,1224,1224
2131 100 1272,432,1224,1224
2132 100 1272,432,1224,1224
2133 100 1272,432,1224,1224
2134 100 1272,432,1224,1200
2135 100 1272,432,1224,1200
2136 100 1272,432,1224,1200
2137 100 1272,432,1224,1200
2138 100 1272,432,1224,1200
2139 100 1272,432,1224,1200
2140 100 1272,432,1224,1200
2141 100 1272,432,1224,1200
2142 100 1272,432,1224,1200
2143 100 1272,432,1224,1200
2144 100 1272,432,1224,1200
2145 100 1272,432,1224,1200
2146 100 1272,432,1224,1200
2147 100 1272,432,1224,1200
2148 100 1248,408,1224,1224
2149 100 1248,408,1224,1224
2150 100 1248,408,1224,1224
2151 100 1248,408,1224,1224
2152 100 1248,408,1224,1224
2153 100 1248,408,1224,1224
2154 100 48,552,1224,1224
2155 100 1248,408,1224,1224
2156 100 1248,408,1224,1224
2157 100 1248,408,1224,1224
2158 100 1248,408,1224,1224
2159 100 1248,408,1224,1200
2160 100 1248,408,1224,1200
2161 100 1248,408,1224,1200
2162 100 1248,408,1224,1224
2163 100 1248,408,1224,1224
2164 100 1248,432,1224,1200
2165 100 1248,432,1224,1200
2166 100 1272,456,1224,1200
2167 100 1272,456,1224,1200
2168 100 1272,456,1224,1200
2169 100 1272,456,1224,1200
2170 100 1272,456,1224,1200
2171 100 1272,456,1224,1200
2172 100 1272,456,1224,1200
2173 100 1272,456,1224,1200
2174 100 1272,456,1224,1200
2175 100 1272,456,1224,1200
2176 100 1248,432,1224,1224
2177 100 1248,432,1224,1224
2178 100 1272,432,1224,1200
2179 100 1272,432,1224,1200
2180 100 1272,432,1224,1200
2181 100 1272,432,1224,1200
2182 100 0,552,1224,1224
2183 100 1248,432,1224,1200
2184 100 1248,432,1224,1200
2185 100 1248,432,1224,1200
2186 100 1248,432,1224,1200
2187 100 1248,432,1224,1200
2188 100 1248,432,1224,1200
2189 100 1248,432,1224,1200
2190 100 1248,432,1224,1200
2191 100 1248,432,1224,1200
2192 100 1248,432,1224,1200
2193 100 1248,432,1224,1200
2194 100 1224,408,1224,1200
2195 100 1224,408,1224,1200
2196 100 1200,384,1224,1200
2197 100 1200,384,1224,1200
2198 100 1176,360,1224,1224
2199 100 1176,360,1224,1224
2200 100 1176,384,1224,1200
2201 100 1176,384,1224,1200
2202 100 1176,384,1224,1200
2203 100 1176,384,1224,1200
2204 100 1200,408,1224,1200
2205 100 1200,408,1224,1200
2206 100 1224,408,1224,1224
2207 100 1224,408,1224,1224
2208 100 1224,432,1224,1200
2209 100 1224,432,1224,1200
2210 100 1224,432,1224,1200
2211 100 1224,432,1224,1200
2212 100 1200,432,1224,1200
2213 100 1200,432,1224,1200
2214 100 1224,408,1224,1200
2215 100 1224,408,1224,1200
2216 100 1200,408,1224,1200
2217 100 1200,408,1224,1200
2218 100 1200,408,1224,1200
2219 100 1200,408,1224,1200
2220 100 1200,408,1224,1200
2221 100 1200,408,1224,1200
2222 100 1224,408,1224,1200
2223 100 1224,408,1224,1200
2224 100 1224,408,1224,1200
2225 100 1224,408,1224,1200
2226 100 1248,432,1224,1200
2227 100 1248,432,1224,1200
2228 100 1224,408,1224,1224
2229 100 1224,408,1224,1224
2230 100 1224,408,1224,1200
2231 100 1224,408,1224,1200
2232 100 1224,408,1224,1224
2233 100 1224,408,1224,1224
2234 100 1248,432,1224,1200
2235 100 1248,432,1224,1200
2236 100 1248,432,1224,1200
2237 100 1248,432,1224,1200
2238 100 1248,432,1224,1200
2239 100 1248,432,1224,1200
2240 100 1248,432,1224,1200
2241 100 1248,432,1224,1200
2242 100 1272,432,1224,1224
2243 100 1272,432,1224,1224
2244 100 1272,432,1224,1224
2245 100 1272,432,1224,1224
2246 100 1248,456,1224,1200
2247 100 1248,456,1224,1200
2248 100 1248,456,1224,1200
2249 100 1248,456,1224,1200
2250 100 1272,456,1224,1200
2251 100 1272,456,1224,1200
2252 100 1272,456,1224,1224
2253 100 1272,456,1224,1224
2254 100 1248,456,1224,1200
2255 100 1248,456,1224,1200
2256 100 1272,456,1224,1200
2257 100 1272,456,1224,1200
2258 100 1272,456,1224,1224
2259 100 1272,456,1224,1224
2260 100 1272,456,1224,1224
2261 100 1272,456,1224,1224
2262 100 1272,456,1224,1224
2263 100 1272,456,1224,1224
2264 100 1272,456,1224,1224
2265 100 1272,456,1224,1224
2266 100 1272,456,1224,1224
2267 100 1272,456,1224,1224
2268 100 1272,456,1224,1224
2269 100 1272,456,1224,1224
2270 100 1272,480,1224,1200
2271 100 1272,480,1224,1200
2272 100 1272,480,1224,1200
2273 100 1272,480,1224,1200
2274 100 1272,480,1224,1200
2275 100 1272,480,1224,1200
2276 100 1272,480,1224,1200
2277 100 1272,480,1224,1200
2278 100 1272,480,1224,1200
2279 100 1272,456,1224,1224
2280 100 1272,480,1224,1200
2281 100 1272,480,1224,1200
2282 100 1272,480,1224,1200
2283 100 1272,480,1224,1200
2284 100 1272,480,1224,1200
2285 100 1272,480,1224,1200
2286 100 1272,480,1224,1200
2287 100 1272,480,1224,1200
2288 100 1272,480,1224,1200
2289 100 1272,480,1224,1200
2290 100 1272,480,1224,1200
2291 100 1272,480,1224,1200
2292 100 1272,480,1224,1200
2293 100 1272,456,1224,1224
2294 100 1272,456,1224,1224
2295 100 1272,456,1224,1200
2296 100 1272,456,1224,1200
2297 100 1272,456,1224,1200
2298 100 1248,432,1224,1200
2299 100 1248,432,1224,1200
2300 100 1248,432,1224,1200
2301 100 1248,432,1224,1200
2302 100 1272,408,1224,1224
2303 100 1272,408,1224,1224
2304 100 1296,432,1224,1200
2305 100 1296,432,1224,1200
2306 100 1296,432,1224,1200
2307 100 1296,432,1224,1200
2308 100 1320,432,1224,1200
2309 100 1320,432,1224,1200
2310 100 1320,456,1224,1200
2311 100 1320,456,1224,1200
2312 100 1344,456,1224,1200
2313 100 1344,456,1224,1200
2314 100 1320,456,1224,1200
2315 100 1320,456,1224,1200
2316 100 1320,432,1224,1224
2317 100 1320,432,1224,1224
2318 100 1320,456,1224,1200
2319 100 1320,456,1224,1200
2320 100 1320,456,1224,1200
2321 100 1320,456,1224,1200
2322 100 1320,456,1224,1224
2323 100 1320,456,1224,1224
2324 100 1296,456,1224,1200
2325 100 1296,456,1224,1200
2326 100 1296,456,1224,1200
2327 100 1296,456,1224,1200
2328 100 1296,432,1224,1224
2329 100 1296,432,1224,1224
2330 100 1296,432,1224,1224
2331 100 1296,432,1224,1224
2332 100 1296,432,1224,1200
2333 100 1296,432,1224,1200
2334 100 1296,432,1224,1200
2335 100 1296,432,1224,1200
2336 100 1296,432,1224,1200
2337 100 1296,432,1224,1200
2338 100 1296,432,1224,1224
2339 100 1296,432,1224,1224
2340 100 1296,432,1224,1224
2341 100 1296,432,1224,1224
2342 100 1296,432,1224,1224
2343 100 1296,432,1224,1224
2344 100 1296,432,1224,1224
2345 100 1296,432,1224,1224
2346 100 1296,432,1224,1224
2347 100 1296,432,1224,1224
2348 100 1296,432,1224,1200
2349 100 1296,432,1224,1200
2350 100 1296,432,1224,1224
2351 100 1296,432,1224,1224
2352 100 1296,432,1224,1224
2353 100 1296,432,1224,1224
2354 100 1296,456,1224,1200
2355 100 1296,456,1224,1200
2356 100 1296,456,1224,1200
2357 100 1296,456,1224,1200
2358 100 1296,456,1224,1200
2359 100 1296,456,1224,1200
2360 100 1296,456,1224,1200
2361 100 1296,456,1224,1200
2362 100 1296,456,1224,1200
2363 100 1296,456,1224,1200
2364 100 1296,456,1224,1200
2365 100 1296,456,1224,1200
2366 100 1296,456,1224,1200
2367 100 1296,456,1224,1200
2368 100 1296,456,1224,1200
2369 100 1296,456,1224,1200
2370 100 1296,456,1224,1200
2371 100 1296,456,1224,1200
2372 100 1272,456,1224,1200
2373 100 1272,456,1224,1200
2374 100 1272,456,1224,1200
2375 100 1272,456,1224,1200
2376 100 1272,456,1224,1200
2377 100 1272,456,1224,1200
2378 100 1272,456,1224,1200
2379 100 1272,456,1224,1200
2380 100 1272,456,1224,1200
2381 100 1272,456,1224,1200
2382 100 1272,456,1224,1200
2383 100 1272,456,1224,1224
2384 100 1272,456,1224,1224
2385 100 1272,456,1224,1224
2386 100 1272,456,1224,1224
2387 100 0,576,1224,1224
2388 100 1272,456,1224,1224
2389 100 1272,456,1224,1224
2390 100 1272,456,1224,1224
2391 100 1272,456,1224,1224
2392 100 1272,456,1224,1224
2393 100 1272,456,1224,1224
2394 100 1272,456,1224,1224
2395 100 1272,456,1224,1224
2396 100 1272,456,1224,1224
2397 100 1272,456,1224,1224
2398 100 1272,456,1224,1224
2399 100 1296,456,1224,1224
2400 100 1296,456,1224,1224
2401 100 1296,480,1224,1200
2402 100 1296,480,1224,1200
2403 100 1296,480,1224,1200
2404 100 1296,480,1224,1200
2405 100 1296,480,1224,1200
2406 100 1296,480,1224,1200
2407 100 1296,480,1224,1200
2408 100 1296,480,1224,1200
2409 100 1296,480,1224,1200
2410 100 1296,480,1224,1200
2411 100 1296,456,1224,1224
2412 100 1296,456,1224,1224
2413 100 1296,456,1224,1224
2414 100 1296,456,1224,1224
2415 100 1296,480,1224,1200
2416 100 1296,480,1224,1200
2417 100 1296,480,1224,1200
2418 100 1272,480,1224,1200
2419 100 1272,480,1224,1200
2420 100 1272,480,1224,1200
2421 100 1272,480,1224,1200
2422 100 1272,456,1224,1224
2423 100 1272,456,1224,1224
2424 100 1272,456,1224,1200
2425 100 1272,456,1224,1200
2426 100 1272,456,1224,1200
2427 100 1272,456,1224,1200
2428 100 1272,432,1224,1224
2429 100 1272,432,1224,1224
2430 100 1296,432,1224,1224
2431 100 1296,432,1224,1224
2432 100 1296,456,1224,1200
2433 100 1296,456,1224,1200
2434 100 1320,456,1224,1200
2435 100 1320,456,1224,1200
2436 100 1320,432,1224,1200
2437 100 1320,432,1224,1200
2438 100 1320,432,1224,1200
2439 100 1296,408,1224,1224
2440 100 1296,408,1224,1224
2441 100 1296,408,1224,1224
2442 100 1296,408,1224,1224
2443 100 1296,408,1224,1200
2444 100 1296,408,1224,1200
2445 100 1272,408,1224,1200
2446 100 1272,408,1224,1200
2447 100 1272,408,1224,1200
2448 100 1272,408,1224,1200
2449 100 1272,408,1224,1200
2450 100 1272,408,1224,1200
2451 100 1272,408,1224,1200
2452 100 1272,408,1224,1200
2453 100 1272,408,1224,1200
2454 100 1272,408,1224,1200
2455 100 1296,408,1224,1200
2456 100 1296,408,1224,1200
2457 100 1296,408,1224,1200
2458 100 1296,408,1224,1200
2459 100 1296,408,1224,1224
2460 100 1296,408,1224,1224
2461 100 1296,408,1224,1224
2462 100 1296,408,1224,1224
2463 100 1296,408,1224,1200
2464 100 1296,408,1224,1200
2465 100 1296,408,1224,1200
2466 100 1296,408,1224,1200
2467 100 1272,408,1224,1200
2468 100 1272,408,1224,1200
2469 100 1272,408,1224,1224
2470 100 1272,408,1224,1224
2471 100 1272,408,1224,1224
2472 100 1272,408,1224,1224
2473 100 1272,408,1224,1224
2474 100 1272,408,1224,1224
2475 100 1272,408,1224,1224
2476 100 1272,408,1224,1224
2477 100 1272,408,1224,1224
2478 100 1272,408,1224,1224
2479 100 1272,408,1224,1200
2480 100 1272,408,1224,1200
2481 100 1272,408,1224,1200
2482 100 1272,408,1224,1200
2483 100 1248,384,1224,1200
2484 100 1248,384,1224,1200
2485 100 1224,336,1224,1224
2486 100 24,576,1224,1224
2487 100 1224,336,1224,1224
2488 100 1224,312,1224,1224
2489 100 1224,312,1224,1224
2490 100 1224,312,1224,1224
2491 100 1224,312,1224,1224
2492 100 1224,312,1224,1224
2493 100 1224,312,1224,1224
2494 100 1224,312,1224,1224
2495 100 1224,312,1224,1224
2496 100 1224,312,1224,1224
2497 100 1224,312,1224,1224
2498 100 1224,312,1224,1224
2499 100 1224,312,1224,1224
2500 100 1200,312,1224,1200
2501 100 1200,312,1224,1200
2502 100 1200,264,1224,1224
2503 100 1200,264,1224,1224
2504 100 1176,240,1224,1224
2505 100 1176,240,1224,1224
2506 100 1152,240,1224,1200
2507 100 1152,240,1224,1200
2508 100 1152,240,1224,1200
2509 100 1152,240,1224,1200
2510 100 1128,240,1224,1200
2511 100 1128,240,1224,1200
2512 100 1128,216,1224,1224
2513 100 1128,216,1224,1224
2514 100 1104,216,1224,1200
2515 100 1104,216,1224,1200
2516 100 1104,216,1224,1200
2517 100 1104,216,1224,1200
2518 100 1128,216,1224,1200
2519 100 1128,216,1224,1200
2520 100 1128,216,1224,1200
2521 100 1128,216,1224,1200
2522 100 1128,216,1224,1200
2523 100 1128,216,1224,1200
2524 100 1128,216,1224,1224
2525 100 1128,216,1224,1224
2526 100 1128,216,1224,1224
2527 100 1128,216,1224,1224
2528 100 1128,216,1224,1224
2529 100 1128,216,1224,1224
2530 100 1152,240,1224,1224
2531 100 1152,240,1224,1224
2532 100 1200,312,1224,1200
2533 100 1200,312,1224,1200
2534 100 1200,336,1224,1224
2535 100 1200,336,1224,1224
2536 100 1200,360,1224,1224
2537 100 1200,360,1224,1224
2538 100 1176,384,1224,1200
2539 100 1176,384,1224,1200
2540 100 1176,408,1224,1200
2541 100 1176,408,1224,1200
2542 100 1176,408,1224,1224
2543 100 1248,432,1224,1200
2544 100 1176,408,1224,1224
2545 100 1176,408,1224,1224
2546 100 1176,408,1224,1224
2547 100 1176,432,1224,1200
2548 100 1176,432,1224,1200
2549 100 1200,432,1224,1200
2550 100 1200,432,1224,1200
2551 100 1200,432,1224,1224
2552 100 1200,432,1224,1224
2553 100 1200,456,1224,1200
2554 100 1200,456,1224,1200
2555 100 1176,456,1224,1200
2556 100 1176,456,1224,1200
2557 100 1128,456,1224,1200
2558 100 1128,456,1224,1200
2559 100 1080,456,1224,1200
2560 100 1080,456,1224,1200
2561 100 1080,456,1224,1200
2562 100 1032,456,1224,1200
2563 100 984,456,1224,1200
2564 100 984,456,1224,1200
2565 100 984,456,1224,1200
2566 100 936,456,1224,1200
2567 100 936,456,1224,1200
2568 100 888,456,1224,1224
2569 100 888,456,1224,1224
2570 100 888,480,1224,1200
2571 100 888,480,1224,1200
2572 100 864,480,1224,1200
2573 100 864,480,1224,1200
2574 100 840,480,1224,1224
2575 100 840,480,1224,1224
2576 100 816,480,1224,1224
2577 100 816,480,1224,1224
2578 100 792,504,1224,1200
2579 100 792,504,1224,1200
2580 100 768,504,1224,1200
2581 100 768,504,1224,1200
2582 100 744,504,1224,1200
2583 100 744,504,1224,1200
2584 100 720,504,1224,1224
2585 100 720,504,1224,1224
2586 100 696,528,1224,1200
2587 100 696,528,1224,1200
2588 100 648,528,1224,1200
2589 100 648,528,1224,1200
2590 100 624,528,1224,1200
2591 100 624,528,1224,1200
2592 100 600,528,1224,1224
2593 100 600,528,1224,1224
2594 100 576,528,1224,1224
2595 100 552,552,1224,1200
2596 100 528,552,1224,1200
2597 100 528,552,1224,1200
2598 100 528,552,1224,1200
2599 100 528,552,1224,1200
2600 100 504,552,1224,1200
2601 100 504,552,1224,1200
2602 100 480,552,1224,1200
2603 100 480,552,1224,1200
2604 100 480,552,1224,1200
2605 100 480,552,1224,1200
2606 100 432,552,1224,1200
2607 100 432,552,1224,1200
2608 100 432,552,1224,1200
2609 100 408,552,1224,1200
2610 100 408,552,1224,1200
2611 100 408,552,1224,1200
2612 100 408,552,1224,1200
2613 100 384,552,1224,1200
2614 100 384,552,1224,1200
2615 100 360,552,1224,1200
2616 100 360,552,1224,1200
2617 100 336,552,1224,1200
2618 100 336,552,1224,1200
2619 100 312,552,1224,1200
2620 100 312,552,1224,1200
2621 100 288,552,1224,1200
2622 100 288,552,1224,1200
2623 100 288,552,1224,1200
2624 100 288,552,1224,1200
2625 100 264,552,1224,1200
2626 100 264,552,1224,1200
2627 100 264,552,1224,1200
2628 100 264,552,1224,1200
2629 100 240,552,1224,1200
2630 100 240,552,1224,1200
2631 100 240,552,1224,1200
2632 100 240,552,1224,1200
2633 100 216,552,1224,1200
2634 100 216,552,1224,1200
2635 100 192,552,1224,1200
2636 100 192,552,1224,1200
2637 100 192,552,1224,1200
2638 100 192,552,1224,1200
2639 100 192,552,1224,1200
2640 100 192,552,1224,1200
2641 100 192,552,1224,1200
2642 100 192,552,1224,1200
2643 100 192,552,1224,1200
2644 100 192,552,1224,1200
2645 100 192,528,1224,1224
2646 100 192,528,1224,1224
2647 100 216,528,1224,1200
2648 100 240,528,1224,1200
2649 100 240,528,1224,1200
2650 100 240,528,1224,1200
2651 100 264,528,1224,1200
2652 100 264,528,1224,1200
2653 100 288,504,1224,1224
2654 100 288,504,1224,1224
2655 100 288,504,1224,1200
2656 100 288,504,1224,1200
2657 100 288,504,1224,1200
2658 100 288,504,1224,1200
2659 100 288,504,1224,1200
2660 100 288,504,1224,1200
2661 100 288,504,1224,1200
2662 100 288,504,1224,1200
2663 100 288,504,1224,1200
2664 100 288,504,1224,1200
2665 100 312,504,1224,1200
2666 100 312,504,1224,1200
2667 100 312,480,1224,1224
2668 100 312,504,1224,1200
2669 100 312,504,1224,1200
2670 100 312,504,1224,1200
2671 100 336,480,1224,1224
2672 100 336,480,1224,1224
2673 100 336,480,1224,1224
2674 100 336,480,1224,1224
2675 100 336,480,1224,1224
2676 100 336,480,1224,1224
2677 100 336,480,1224,1224
2678 100 336,480,1224,1224
2679 100 336,480,1224,1224
2680 100 336,480,1224,1224
2681 100 360,480,1224,1224
2682 100 360,480,1224,1224
2683 100 360,480,1224,1224
2684 100 360,480,1224,1224
2685 100 360,480,1224,1224
2686 100 360,480,1224,1224
2687 100 360,480,1224,1224
2688 100 360,480,1224,1224
2689 100 312,504,1224,1200
2690 100 312,504,1224,1200
2691 100 240,528,1224,1200
