0 100 120,552,1224,1224
1 100 120,552,1224,1224
2 100 144,552,1224,1224
3 100 3384,552,1224,1200
4 100 3384,552,1224,1200
5 100 3408,552,1224,1200
6 100 3384,552,1224,1200
7 100 3432,552,1224,1200
8 100 3432,552,1224,1200
9 100 3432,552,1224,1200
10 100 3432,552,1224,1200
11 100 3432,552,1224,1200
12 100 3432,552,1224,1200
13 100 3432,552,1224,1200
14 100 3432,552,1224,1200
15 100 3432,552,1224,1200
16 100 3432,552,1224,1200
17 100 3432,552,1224,1200
18 100 3432,552,1224,1200
19 100 0,552,1224,1200
20 100 0,552,1224,1200
21 100 0,552,1224,1200
22 100 24,552,1224,1200
23 100 24,552,1224,1200
24 100 72,528,1224,1224
25 100 96,528,1224,1224
26 100 120,528,1224,1224
27 100 3384,528,1224,1200
28 100 144,528,1224,1224
29 100 144,528,1224,1224
30 100 0,528,1224,1224
31 100 24,528,1224,1200
32 100 72,528,1224,1200
33 100 120,528,1224,1200
34 100 0,528,1224,1200
35 100 0,504,1224,1224
36 100 24,504,1224,1224
37 100 24,504,1224,1224
38 100 24,504,1224,1224
39 100 24,504,1224,1224
40 100 24,504,1224,1224
41 100 72,504,1224,1224
42 100 24,504,1224,1200
43 100 24,504,1224,1200
44 100 0,504,1224,1224
45 100 0,504,1224,1224
46 100 0,504,1224,1224
47 100 0,504,1224,1224
48 100 48,528,1224,1200
49 100 48,528,1224,1200
50 100 48,528,1224,1200
51 100 48,528,1224,1200
52 100 48,528,1224,1200
53 100 0,504,1224,1224
54 100 24,504,1224,1224
55 100 24,504,1224,1200
56 100 24,504,1224,1224
57 100 24,504,1224,1224
58 100 24,504,1224,1224
59 100 0,504,1224,1224
60 100 0,528,1224,1200
61 100 0,504,1224,1224
62 100 0,528,1224,1200
63 100 0,504,1224,1224
64 100 0,504,1224,1224
65 100 0,528,1224,1200
66 100 0,504,1224,1224
67 100 0,504,1224,1224
68 100 0,504,1224,1224
69 100 0,504,1224,1224
70 100 72,504,1224,1224
71 100 72,528,1224,1200
72 100 0,504,1224,1224
73 100 0,504,1224,1224
74 100 0,504,1224,1224
75 100 0,504,1224,1224
76 100 0,504,1224,1224
77 100 0,504,1224,1224
78 100 0,504,1224,1224
79 100 0,504,1224,1224
80 100 0,504,1224,1224
81 100 0,504,1224,1224
82 100 0,504,1224,1224
83 100 0,504,1224,1224
84 100 0,504,1224,1224
85 100 0,504,1224,1224
86 100 0,504,1224,1224
87 100 0,504,1224,1224
88 100 0,504,1224,1224
89 100 0,504,1224,1224
90 100 0,504,1224,1224
91 100 0,504,1224,1224
92 100 0,504,1224,1224
93 100 0,504,1224,1224
94 100 0,504,1224,1224
95 100 0,504,1224,1224
96 100 0,504,1224,1224
97 100 0,504,1224,1224
98 100 0,504,1224,1224
99 100 0,504,1224,1224
100 100 0,504,1224,1224
101 100 0,504,1224,1224
102 100 0,504,1224,1224
103 100 72,504,1224,1224
104 100 0,504,1224,1224
105 100 0,504,1224,1224
106 100 0,504,1224,1224
107 100 0,504,1224,1224
108 100 0,504,1224,1224
109 100 0,504,1224,1224
110 100 0,504,1224,1224
111 100 0,504,1224,1224
112 100 0,504,1224,1224
113 100 0,504,1224,1224
114 100 0,504,1224,1224
115 100 0,504,1224,1200
116 100 0,504,1224,1200
117 100 0,504,1224,1200
118 100 0,504,1224,1200
119 100 24,504,1224,1200
120 100 24,504,1224,1200
121 100 24,504,1224,1200
122 100 24,504,1224,1200
123 100 24,504,1224,1200
124 100 24,504,1224,1200
125 100 24,504,1224,1200
126 100 24,504,1224,1200
127 100 24,504,1224,1200
128 100 24,504,1224,1200
129 100 24,504,1224,1200
130 100 24,504,1224,1200
131 100 24,504,1224,1200
132 100 0,504,1224,1224
133 100 0,504,1224,1200
134 100 0,504,1224,1224
135 100 0,504,1224,1224
136 100 0,504,1224,1224
137 100 0,504,1224,1224
138 100 0,504,1224,1200
139 100 0,504,1224,1200
140 100 0,504,1224,1200
141 100 24,504,1224,1200
142 100 0,504,1224,1224
143 100 0,504,1224,1224
144 100 0,504,1224,1224
145 100 72,504,1224,1224
146 100 0,504,1224,1224
147 100 0,504,1224,1224
148 100 0,504,1224,1224
149 100 0,504,1224,1224
150 100 0,504,1224,1224
151 100 0,504,1224,1200
152 100 24,504,1224,1200
153 100 24,504,1224,1200
154 100 24,504,1224,1200
155 100 24,504,1224,1200
156 100 24,504,1224,1200
157 100 24,504,1224,1200
158 100 24,504,1224,1200
159 100 24,504,1224,1200
160 100 24,504,1224,1200
161 100 24,504,1224,1200
162 100 24,504,1224,1200
163 100 24,504,1224,1200
164 100 24,504,1224,1200
165 100 24,504,1224,1200
166 100 24,504,1224,1200
167 100 24,504,1224,1200
168 100 24,504,1224,1200
169 100 24,504,1224,1200
170 100 24,504,1224,1200
171 100 24,504,1224,1200
172 100 24,504,1224,1200
173 100 24,504,1224,1200
174 100 24,504,1224,1200
175 100 0,504,1224,1224
176 100 0,504,1224,1200
177 100 0,504,1224,1224
178 100 0,504,1224,1224
179 100 0,504,1224,1224
180 100 72,504,1224,1224
181 100 48,528,1224,1200
182 100 48,528,1224,1200
183 100 48,528,1224,1200
184 100 48,528,1224,1200
185 100 48,528,1224,1200
186 100 48,528,1224,1200
187 100 48,528,1224,1200
188 100 48,528,1224,1200
189 100 48,528,1224,1200
190 100 48,528,1224,1200
191 100 48,528,1224,1200
192 100 24,528,1224,1200
193 100 24,528,1224,1200
194 100 24,528,1224,1200
195 100 24,528,1224,1200
196 100 24,528,1224,1200
197 100 24,528,1224,1200
198 100 24,528,1224,1200
199 100 24,528,1224,1200
200 100 24,528,1224,1200
201 100 24,528,1224,1200
202 100 24,528,1224,1200
203 100 24,528,1224,1200
204 100 24,528,1224,1200
205 100 24,528,1224,1200
206 100 24,528,1224,1200
207 100 24,528,1224,1200
208 100 24,528,1224,1200
209 100 24,528,1224,1200
210 100 24,528,1224,1200
211 100 24,528,1224,1200
212 100 24,528,1224,1200
213 100 24,528,1224,1200
214 100 24,528,1224,1200
215 100 24,528,1224,1200
216 100 24,528,1224,1224
217 100 24,528,1224,1200
218 100 24,528,1224,1200
219 100 24,528,1224,1200
220 100 24,528,1224,1200
221 100 24,528,1224,1200
222 100 24,528,1224,1200
223 100 24,528,1224,1200
224 100 24,528,1224,1200
225 100 24,528,1224,1200
226 100 24,528,1224,1200
227 100 24,528,1224,1200
228 100 24,528,1224,1200
229 100 24,528,1224,1224
230 100 24,528,1224,1224
231 100 24,528,1224,1224
232 100 24,528,1224,1224
233 100 24,528,1224,1224
234 100 24,528,1224,1224
235 100 24,528,1224,1224
236 100 24,528,1224,1224
237 100 24,528,1224,1224
238 100 24,528,1224,1224
239 100 24,528,1224,1224
240 100 24,528,1224,1200
241 100 24,528,1224,1200
242 100 48,528,1224,1200
243 100 24,528,1224,1200
244 100 48,528,1224,1200
245 100 48,528,1224,1200
246 100 48,528,1224,1200
247 100 48,528,1224,1200
248 100 48,528,1224,1200
249 100 48,528,1224,1200
250 100 48,528,1224,1200
251 100 48,528,1224,1200
252 100 48,528,1224,1200
253 100 48,528,1224,1200
254 100 48,528,1224,1200
255 100 48,528,1224,1200
256 100 48,528,1224,1200
257 100 24,528,1224,1200
258 100 48,528,1224,1200
259 100 48,528,1224,1200
260 100 48,528,1224,1200
261 100 0,528,1224,1200
262 100 0,528,1224,1200
263 100 0,528,1224,1200
264 100 24,528,1224,1200
265 100 24,528,1224,1200
266 100 24,528,1224,1200
267 100 48,528,1224,1200
268 100 48,504,1224,1224
269 100 0,504,1224,1224
270 100 0,504,1224,1224
271 100 0,504,1224,1224
272 100 0,504,1224,1224
273 100 24,504,1224,1200
274 100 24,504,1224,1200
275 100 24,504,1224,1200
276 100 48,504,1224,1200
277 100 0,480,1224,1224
278 100 24,480,1224,1200
279 100 24,480,1224,1200
280 100 0,480,1224,1200
281 100 0,480,1224,1200
282 100 24,456,1224,1224
283 100 0,480,1224,1200
284 100 0,480,1224,1200
285 100 24,480,1224,1224
286 100 0,504,1224,1200
287 100 0,504,1224,1200
288 100 24,504,1224,1200
289 100 24,504,1224,1200
290 100 24,504,1224,1200
291 100 24,504,1224,1200
292 100 24,504,1224,1200
293 100 24,504,1224,1200
294 100 24,504,1224,1224
295 100 0,528,1224,1200
296 100 0,528,1224,1200
297 100 0,528,1224,1200
298 100 0,528,1224,1200
299 100 48,528,1224,1200
300 100 48,528,1224,1200
301 100 48,528,1224,1200
302 100 48,528,1224,1200
303 100 48,504,1224,1224
304 100 48,504,1224,1200
305 100 0,504,1224,1200
306 100 24,480,1224,1224
307 100 0,504,1224,1200
308 100 24,528,1224,1200
309 100 48,528,1224,1224
310 100 0,552,1224,1200
311 100 24,552,1224,1200
312 100 24,528,1224,1224
313 100 48,528,1224,1200
314 100 0,528,1224,1200
315 100 48,528,1224,1200
316 100 48,528,1224,1224
317 100 24,528,1224,1224
318 100 0,552,1224,1200
319 100 48,552,1224,1200
320 100 48,552,1224,1200
321 100 24,552,1224,1224
322 100 24,552,1224,1224
323 100 48,552,1224,1200
324 100 48,552,1224,1200
325 100 0,552,1224,1200
326 100 0,552,1224,1200
327 100 0,552,1224,1200
328 100 48,552,1224,1200
329 100 48,552,1224,1200
330 100 48,552,1224,1200
331 100 24,552,1224,1224
332 100 24,552,1224,1224
333 100 24,576,1224,1200
334 100 0,576,1224,1200
335 100 0,576,1224,1200
336 100 0,576,1224,1200
337 100 0,576,1224,1200
338 100 0,576,1224,1200
339 100 0,576,1224,1200
340 100 24,576,1224,1200
341 100 0,576,1224,1200
342 100 0,576,1224,1200
343 100 0,576,1224,1200
344 100 24,552,1224,1224
345 100 24,552,1224,1224
346 100 24,552,1224,1224
347 100 24,552,1224,1224
348 100 24,552,1224,1224
349 100 24,552,1224,1224
350 100 24,552,1224,1224
351 100 24,552,1224,1224
352 100 48,552,1224,1224
353 100 0,552,1224,1224
354 100 0,552,1224,1224
355 100 0,552,1224,1224
356 100 0,552,1224,1224
357 100 0,552,1224,1224
358 100 48,552,1224,1224
359 100 48,552,1224,1224
360 100 48,552,1224,1224
361 100 48,552,1224,1224
362 100 0,552,1224,1200
363 100 48,552,1224,1200
364 100 48,552,1224,1200
365 100 48,552,1224,1200
366 100 48,552,1224,1200
367 100 0,552,1224,1200
368 100 48,552,1224,1200
369 100 48,552,1224,1224
370 100 48,552,1224,1224
371 100 0,552,1224,1224
372 100 48,552,1224,1224
373 100 48,552,1224,1200
374 100 48,552,1224,1200
375 100 48,552,1224,1200
376 100 24,552,1224,1200
377 100 24,552,1224,1200
378 100 24,552,1224,1200
379 100 0,552,1224,1200
380 100 24,552,1224,1200
381 100 0,552,1224,1200
382 100 0,552,1224,1200
383 100 0,552,1224,1200
384 100 0,552,1224,1200
385 100 24,552,1224,1200
386 100 24,552,1224,1200
387 100 24,552,1224,1200
388 100 24,552,1224,1200
389 100 24,552,1224,1200
390 100 24,552,1224,1200
391 100 24,552,1224,1200
392 100 24,552,1224,1200
393 100 48,552,1224,1200
394 100 48,552,1224,1200
395 100 48,552,1224,1200
396 100 48,528,1224,1224
397 100 48,528,1224,1224
398 100 24,552,1224,1200
399 100 48,528,1224,1224
400 100 48,528,1224,1224
401 100 48,528,1224,1224
402 100 24,528,1224,1224
403 100 24,528,1224,1224
404 100 24,528,1224,1224
405 100 24,552,1224,1200
406 100 24,552,1224,1200
407 100 24,552,1224,1200
408 100 24,552,1224,1200
409 100 24,552,1224,1200
410 100 24,552,1224,1200
411 100 24,528,1224,1224
412 100 48,528,1224,1224
413 100 48,528,1224,1224
414 100 0,528,1224,1224
415 100 48,528,1224,1224
416 100 0,528,1224,1224
417 100 48,528,1224,1224
418 100 48,528,1224,1224
419 100 48,528,1224,1224
420 100 48,528,1224,1224
421 100 48,528,1224,1224
422 100 48,528,1224,1224
423 100 48,528,1224,1224
424 100 48,528,1224,1224
425 100 48,528,1224,1224
426 100 48,528,1224,1224
427 100 48,528,1224,1224
428 100 48,528,1224,1224
429 100 48,528,1224,1224
430 100 48,528,1224,1224
431 100 48,528,1224,1224
432 100 48,528,1224,1224
433 100 24,528,1224,1224
434 100 24,528,1224,1224
435 100 24,528,1224,1224
436 100 24,552,1224,1200
437 100 24,552,1224,1200
438 100 24,552,1224,1200
439 100 24,552,1224,1200
440 100 24,528,1224,1224
441 100 48,528,1224,1224
442 100 48,528,1224,1224
443 100 48,528,1224,1224
444 100 48,528,1224,1224
445 100 48,528,1224,1224
446 100 24,528,1224,1224
447 100 24,552,1224,1200
448 100 24,552,1224,1200
449 100 24,552,1224,1200
450 100 48,552,1224,1200
451 100 48,528,1224,1224
452 100 48,528,1224,1224
453 100 48,528,1224,1224
454 100 48,528,1224,1224
455 100 0,528,1224,1200
456 100 0,528,1224,1200
457 100 0,528,1224,1200
458 100 0,528,1224,1200
459 100 0,528,1224,1200
460 100 0,528,1224,1200
461 100 0,528,1224,1200
462 100 0,528,1224,1200
463 100 0,528,1224,1200
464 100 0,528,1224,1200
465 100 0,528,1224,1200
466 100 0,528,1224,1200
467 100 0,528,1224,1200
468 100 0,528,1224,1200
469 100 0,528,1224,1200
470 100 0,528,1224,1200
471 100 0,528,1224,1200
472 100 24,528,1224,1200
473 100 0,528,1224,1200
474 100 0,528,1224,1200
475 100 0,528,1224,1200
476 100 0,528,1224,1200
477 100 0,528,1224,1200
478 100 0,528,1224,1200
479 100 0,528,1224,1200
480 100 0,528,1224,1200
481 100 24,528,1224,1200
482 100 0,528,1224,1200
483 100 0,528,1224,1200
484 100 0,528,1224,1224
485 100 0,528,1224,1200
486 100 0,528,1224,1200
487 100 0,528,1224,1200
488 100 0,528,1224,1200
489 100 24,528,1224,1200
490 100 24,528,1224,1200
491 100 24,528,1224,1200
492 100 24,528,1224,1200
493 100 0,528,1224,1200
494 100 0,528,1224,1200
495 100 24,528,1224,1200
496 100 24,528,1224,1200
497 100 24,528,1224,1200
498 100 24,528,1224,1200
499 100 24,528,1224,1200
500 100 24,528,1224,1200
501 100 24,528,1224,1200
502 100 24,528,1224,1200
503 100 24,528,1224,1200
504 100 24,528,1224,1200
505 100 24,528,1224,1200
506 100 24,528,1224,1200
507 100 48,528,1224,1200
508 100 48,528,1224,1200
509 100 48,528,1224,1200
510 100 48,528,1224,1200
511 100 24,528,1224,1200
512 100 48,528,1224,1200
513 100 48,528,1224,1200
514 100 48,528,1224,1200
515 100 48,528,1224,1200
516 100 0,528,1224,1200
517 100 0,528,1224,1200
518 100 0,528,1224,1200
519 100 0,528,1224,1200
520 100 0,528,1224,1200
521 100 48,528,1224,1200
522 100 0,528,1224,1200
523 100 0,528,1224,1200
524 100 48,528,1224,1200
525 100 48,528,1224,1200
526 100 48,528,1224,1200
527 100 48,528,1224,1200
528 100 0,528,1224,1200
529 100 48,528,1224,1200
530 100 0,528,1224,1200
531 100 0,528,1224,1200
532 100 0,528,1224,1200
533 100 0,528,1224,1200
534 100 0,528,1224,1200
535 100 0,528,1224,1200
536 100 0,528,1224,1200
537 100 0,528,1224,1200
538 100 0,528,1224,1200
539 100 0,528,1224,1200
540 100 0,528,1224,1200
541 100 0,528,1224,1200
542 100 0,528,1224,1200
543 100 0,528,1224,1200
544 100 0,528,1224,1200
545 100 0,528,1224,1200
546 100 0,528,1224,1200
547 100 0,528,1224,1200
548 100 0,528,1224,1200
549 100 0,528,1224,1200
550 100 0,528,1224,1200
551 100 0,528,1224,1200
552 100 0,528,1224,1200
553 100 48,528,1224,1200
554 100 48,528,1224,1200
555 100 48,528,1224,1200
556 100 48,528,1224,1200
557 100 48,528,1224,1200
558 100 48,528,1224,1200
559 100 0,528,1224,1200
560 100 0,528,1224,1200
561 100 0,528,1224,1200
562 100 0,528,1224,1200
563 100 0,528,1224,1200
564 100 0,504,1224,1224
565 100 0,528,1224,1200
566 100 0,528,1224,1200
567 100 0,528,1224,1200
568 100 0,504,1224,1224
569 100 0,504,1224,1224
570 100 0,528,1224,1200
571 100 0,528,1224,1200
572 100 0,528,1224,1200
573 100 0,504,1224,1224
574 100 0,504,1224,1224
575 100 0,504,1224,1224
576 100 0,504,1224,1224
577 100 0,504,1224,1224
578 100 0,504,1224,1224
579 100 0,504,1224,1224
580 100 0,504,1224,1224
581 100 0,528,1224,1200
582 100 0,528,1224,1200
583 100 0,528,1224,1200
584 100 0,528,1224,1200
585 100 48,528,1224,1200
586 100 48,528,1224,1200
587 100 48,528,1224,1200
588 100 48,528,1224,1200
589 100 48,528,1224,1200
590 100 48,528,1224,1200
591 100 48,528,1224,1200
592 100 48,528,1224,1200
593 100 48,528,1224,1200
594 100 48,528,1224,1200
595 100 48,528,1224,1200
596 100 48,528,1224,1200
597 100 48,528,1224,1200
598 100 48,528,1224,1200
599 100 0,528,1224,1200
600 100 0,528,1224,1200
601 100 0,504,1224,1224
602 100 0,504,1224,1224
603 100 0,504,1224,1224
604 100 0,504,1224,1224
605 100 0,504,1224,1224
606 100 0,504,1224,1224
607 100 0,504,1224,1224
608 100 0,504,1224,1224
609 100 48,528,1224,1200
610 100 24,528,1224,1200
611 100 24,528,1224,1200
612 100 48,528,1224,1200
613 100 0,504,1224,1224
614 100 48,504,1224,1224
615 100 24,528,1224,1200
616 100 24,528,1224,1200
617 100 48,528,1224,1200
618 100 24,528,1224,1200
619 100 24,528,1224,1200
620 100 24,528,1224,1200
621 100 48,528,1224,1200
622 100 48,528,1224,1200
623 100 0,504,1224,1224
624 100 0,504,1224,1224
625 100 0,504,1224,1224
626 100 0,504,1224,1224
627 100 0,504,1224,1224
628 100 48,504,1224,1224
629 100 48,528,1224,1200
630 100 48,528,1224,1200
631 100 48,528,1224,1200
632 100 48,528,1224,1200
633 100 48,528,1224,1200
634 100 48,528,1224,1200
635 100 48,528,1224,1200
636 100 48,528,1224,1200
637 100 24,528,1224,1200
638 100 48,528,1224,1200
639 100 48,528,1224,1200
640 100 24,528,1224,1200
641 100 48,528,1224,1200
642 100 48,528,1224,1200
643 100 48,528,1224,1200
644 100 48,528,1224,1200
645 100 48,528,1224,1200
646 100 48,528,1224,1200
647 100 48,528,1224,1200
648 100 24,528,1224,1200
649 100 48,528,1224,1200
650 100 48,528,1224,1200
651 100 48,528,1224,1200
652 100 0,528,1224,1200
653 100 48,528,1224,1200
654 100 48,528,1224,1200
655 100 48,528,1224,1200
656 100 48,528,1224,1200
657 100 0,528,1224,1200
658 100 0,528,1224,1200
659 100 48,528,1224,1200
660 100 48,528,1224,1200
661 100 48,528,1224,1200
662 100 48,528,1224,1200
663 100 48,528,1224,1200
664 100 48,528,1224,1200
665 100 48,528,1224,1200
666 100 48,528,1224,1200
667 100 48,528,1224,1200
668 100 48,528,1224,1200
669 100 0,528,1224,1200
670 100 0,528,1224,1200
671 100 24,528,1224,1200
672 100 0,528,1224,1200
673 100 0,528,1224,1200
674 100 0,504,1224,1224
675 100 0,504,1224,1224
676 100 24,504,1224,1200
677 100 24,504,1224,1200
678 100 24,504,1224,1200
679 100 24,504,1224,1200
680 100 0,504,1224,1200
681 100 0,480,1224,1224
682 100 24,480,1224,1200
683 100 0,480,1224,1200
684 100 0,480,1224,1200
685 100 0,480,1224,1200
686 100 0,480,1224,1200
687 100 0,480,1224,1200
688 100 0,480,1224,1224
689 100 0,504,1224,1200
690 100 0,504,1224,1200
691 100 24,528,1224,1200
692 100 24,504,1224,1224
693 100 24,504,1224,1200
694 100 0,504,1224,1224
695 100 24,504,1224,1200
696 100 24,504,1224,1200
697 100 24,504,1224,1224
698 100 0,504,1224,1200
699 100 0,504,1224,1224
700 100 0,504,1224,1200
701 100 0,504,1224,1200
702 100 24,504,1224,1200
703 100 24,504,1224,1200
704 100 24,504,1224,1200
705 100 24,504,1224,1200
706 100 24,504,1224,1200
707 100 24,504,1224,1224
708 100 24,504,1224,1224
709 100 0,504,1224,1224
710 100 24,504,1224,1224
711 100 0,504,1224,1224
712 100 0,504,1224,1224
713 100 0,504,1224,1224
714 100 48,504,1224,1224
715 100 24,504,1224,1224
716 100 24,504,1224,1224
717 100 24,528,1224,1200
718 100 0,528,1224,1200
719 100 0,528,1224,1200
720 100 24,504,1224,1224
721 100 0,504,1224,1224
722 100 0,504,1224,1224
723 100 0,504,1224,1200
724 100 24,504,1224,1200
725 100 0,504,1224,1200
726 100 0,480,1224,1224
727 100 24,480,1224,1224
728 100 0,480,1224,1200
729 100 0,480,1224,1200
730 100 0,480,1224,1200
731 100 24,456,1224,1224
732 100 24,456,1224,1224
733 100 24,456,1224,1224
734 100 24,456,1224,1224
735 100 24,456,1224,1224
736 100 0,456,1224,1224
737 100 0,456,1224,1224
738 100 0,456,1224,1224
739 100 0,480,1224,1200
740 100 24,480,1224,1200
741 100 24,480,1224,1200
742 100 0,480,1224,1200
743 100 0,480,1224,1200
744 100 24,480,1224,1200
745 100 24,480,1224,1200
746 100 24,480,1224,1200
747 100 24,480,1224,1200
748 100 0,480,1224,1200
749 100 0,480,1224,1200
750 100 0,480,1224,1200
751 100 0,480,1224,1200
752 100 0,480,1224,1200
753 100 0,480,1224,1200
754 100 0,480,1224,1200
755 100 24,456,1224,1224
756 100 24,456,1224,1224
757 100 0,456,1224,1224
758 100 0,456,1224,1224
759 100 0,456,1224,1224
760 100 0,456,1224,1224
761 100 0,456,1224,1224
762 100 0,456,1224,1224
763 100 24,456,1224,1224
764 100 24,456,1224,1224
765 100 24,456,1224,1224
766 100 24,456,1224,1224
767 100 24,456,1224,1224
768 100 24,456,1224,1224
769 100 24,456,1224,1224
770 100 24,456,1224,1224
771 100 24,456,1224,1224
772 100 0,456,1224,1200
773 100 24,456,1224,1224
774 100 0,456,1224,1200
775 100 24,456,1224,1224
776 100 24,456,1224,1224
777 100 24,456,1224,1224
778 100 0,456,1224,1224
779 100 24,456,1224,1224
780 100 24,456,1224,1224
781 100 24,456,1224,1224
782 100 24,456,1224,1224
783 100 24,456,1224,1224
784 100 24,456,1224,1224
785 100 24,456,1224,1224
786 100 24,456,1224,1224
787 100 24,456,1224,1224
788 100 24,456,1224,1224
789 100 24,456,1224,1224
790 100 24,456,1224,1224
791 100 24,456,1224,1224
792 100 24,456,1224,1224
793 100 24,456,1224,1224
794 100 24,456,1224,1224
795 100 24,456,1224,1224
796 100 0,456,1224,1224
797 100 24,456,1224,1224
798 100 24,456,1224,1224
799 100 0,456,1224,1224
800 100 24,456,1224,1224
801 100 24,456,1224,1224
802 100 24,456,1224,1224
803 100 24,456,1224,1224
804 100 24,456,1224,1224
805 100 24,456,1224,1224
806 100 0,456,1224,1224
807 100 0,456,1224,1200
808 100 24,456,1224,1224
809 100 0,456,1224,1200
810 100 0,456,1224,1200
811 100 24,456,1224,1224
812 100 0,456,1224,1224
813 100 24,456,1224,1224
814 100 24,456,1224,1224
815 100 24,456,1224,1224
816 100 24,456,1224,1224
817 100 24,456,1224,1224
818 100 24,456,1224,1224
819 100 0,456,1224,1200
820 100 24,456,1224,1224
821 100 0,456,1224,1200
822 100 24,456,1224,1224
823 100 0,456,1224,1200
824 100 0,456,1224,1200
825 100 24,456,1224,1224
826 100 24,456,1224,1224
827 100 24,456,1224,1224
828 100 24,456,1224,1224
829 100 24,456,1224,1224
830 100 24,456,1224,1224
831 100 24,456,1224,1224
832 100 24,456,1224,1224
833 100 24,456,1224,1224
834 100 24,456,1224,1224
835 100 0,456,1224,1200
836 100 0,456,1224,1200
837 100 0,456,1224,1200
838 100 0,456,1224,1200
839 100 0,456,1224,1200
840 100 0,456,1224,1200
841 100 0,456,1224,1200
842 100 0,456,1224,1200
843 100 0,456,1224,1200
844 100 0,456,1224,1200
845 100 0,456,1224,1200
846 100 0,456,1224,1200
847 100 0,456,1224,1200
848 100 0,456,1224,1200
849 100 0,456,1224,1200
850 100 0,456,1224,1200
851 100 0,456,1224,1200
852 100 0,456,1224,1200
853 100 0,456,1224,1200
854 100 0,456,1224,1200
855 100 0,456,1224,1200
856 100 0,456,1224,1200
857 100 0,456,1224,1200
858 100 0,456,1224,1200
859 100 0,456,1224,1200
860 100 0,456,1224,1200
861 100 0,456,1224,1200
862 100 0,456,1224,1200
863 100 0,456,1224,1200
864 100 0,456,1224,1200
865 100 0,456,1224,1200
866 100 0,456,1224,1200
867 100 0,456,1224,1200
868 100 0,456,1224,1200
869 100 0,456,1224,1200
870 100 0,456,1224,1200
871 100 0,456,1224,1200
872 100 0,456,1224,1200
873 100 0,456,1224,1200
874 100 0,456,1224,1200
875 100 0,456,1224,1200
876 100 0,456,1224,1200
877 100 0,456,1224,1200
878 100 0,456,1224,1200
879 100 0,456,1224,1200
880 100 0,456,1224,1200
881 100 0,456,1224,1200
882 100 0,456,1224,1200
883 100 0,456,1224,1200
884 100 0,456,1224,1200
885 100 0,456,1224,1200
886 100 0,456,1224,1200
887 100 0,456,1224,1200
888 100 0,456,1224,1200
889 100 0,456,1224,1200
890 100 0,456,1224,1200
891 100 0,456,1224,1200
892 100 0,456,1224,1200
893 100 0,456,1224,1200
894 100 0,456,1224,1200
895 100 0,456,1224,1200
896 100 0,456,1224,1200
897 100 0,456,1224,1200
898 100 0,456,1224,1200
899 100 0,456,1224,1200
900 100 0,456,1224,1200
901 100 0,456,1224,1200
902 100 0,456,1224,1200
903 100 0,456,1224,1200
904 100 0,456,1224,1200
905 100 0,456,1224,1200
906 100 0,456,1224,1200
907 100 0,456,1224,1200
908 100 0,456,1224,1200
909 100 0,456,1224,1200
910 100 0,456,1224,1200
911 100 0,456,1224,1200
912 100 24,456,1224,1200
913 100 24,432,1224,1224
914 100 24,456,1224,1200
915 100 0,456,1224,1200
916 100 0,456,1224,1200
917 100 0,456,1224,1200
918 100 0,456,1224,1200
919 100 24,456,1224,1200
920 100 24,456,1224,1200
921 100 24,456,1224,1200
922 100 24,432,1224,1224
923 100 24,432,1224,1224
924 100 24,432,1224,1224
925 100 24,432,1224,1224
926 100 0,432,1224,1224
927 100 24,432,1224,1224
928 100 24,432,1224,1224
929 100 24,432,1224,1200
930 100 24,432,1224,1224
931 100 0,432,1224,1224
932 100 0,432,1224,1224
933 100 0,456,1224,1200
934 100 0,456,1224,1200
935 100 0,456,1224,1224
936 100 0,456,1224,1224
937 100 0,456,1224,1224
938 100 24,480,1224,1200
939 100 48,480,1224,1200
940 100 72,480,1224,1200
941 100 96,480,1224,1200
942 100 120,480,1224,1200
943 100 120,480,1224,1224
944 100 120,480,1224,1224
945 100 120,480,1224,1200
946 100 120,480,1224,1200
947 100 120,480,1224,1200
948 100 120,480,1224,1200
949 100 144,480,1224,1200
950 100 168,480,1224,1200
951 100 168,480,1224,1224
952 100 192,480,1224,1224
953 100 216,504,1224,1200
954 100 240,504,1224,1200
955 100 240,504,1224,1200
956 100 264,504,1224,1200
957 100 288,504,1224,1200
958 100 312,504,1224,1200
959 100 312,504,1224,1200
960 100 336,504,1224,1200
961 100 336,504,1224,1200
962 100 336,504,1224,1200
963 100 336,504,1224,1200
964 100 336,504,1224,1200
965 100 360,504,1224,1200
966 100 360,504,1224,1200
967 100 360,504,1224,1200
968 100 360,504,1224,1200
969 100 360,504,1224,1200
970 100 360,504,1224,1200
971 100 360,480,1224,1224
972 100 360,480,1224,1224
973 100 360,480,1224,1200
974 100 360,480,1224,1224
975 100 360,480,1224,1224
976 100 360,480,1224,1224
977 100 360,480,1224,1200
978 100 360,480,1224,1200
979 100 336,480,1224,1200
980 100 336,480,1224,1200
981 100 336,480,1224,1200
982 100 336,480,1224,1200
983 100 336,480,1224,1200
984 100 312,480,1224,1224
985 100 288,480,1224,1224
986 100 264,480,1224,1224
987 100 240,504,1224,1200
988 100 216,504,1224,1200
989 100 192,504,1224,1200
990 100 168,504,1224,1200
991 100 144,504,1224,1200
992 100 120,528,1224,1200
993 100 120,528,1224,1200
994 100 96,528,1224,1200
995 100 96,528,1224,1200
996 100 96,528,1224,1200
997 100 72,528,1224,1200
998 100 72,528,1224,1200
999 100 48,528,1224,1200
1000 100 24,504,1224,1224
1001 100 24,504,1224,1200
1002 100 0,504,1224,1200
1003 100 24,504,1224,1200
1004 100 0,504,1224,1200
1005 100 0,504,1224,1200
1006 100 0,504,1224,1200
1007 100 0,504,1224,1200
1008 100 0,504,1224,1200
1009 100 24,504,1224,1200
1010 100 24,504,1224,1200
1011 100 24,480,1224,1224
1012 100 0,480,1224,1224
1013 100 0,480,1224,1224
1014 100 0,480,1224,1200
1015 100 48,480,1224,1200
1016 100 48,480,1224,1200
1017 100 24,480,1224,1200
1018 100 24,480,1224,1200
1019 100 0,480,1224,1200
1020 100 0,480,1224,1200
1021 100 48,480,1224,1200
1022 100 48,480,1224,1200
1023 100 48,480,1224,1200
1024 100 24,480,1224,1224
1025 100 24,480,1224,1224
1026 100 0,480,1224,1224
1027 100 0,480,1224,1224
1028 100 0,480,1224,1224
1029 100 0,480,1224,1224
1030 100 0,480,1224,1224
1031 100 0,480,1224,1224
1032 100 0,480,1224,1224
1033 100 0,480,1224,1224
1034 100 0,480,1224,1224
1035 100 0,480,1224,1224
1036 100 0,504,1224,1200
1037 100 0,504,1224,1200
1038 100 24,480,1224,1224
1039 100 48,480,1224,1224
1040 100 0,480,1224,1224
1041 100 0,504,1224,1200
1042 100 0,504,1224,1200
1043 100 0,504,1224,1200
1044 100 24,504,1224,1200
1045 100 0,504,1224,1200
1046 100 24,504,1224,1200
1047 100 0,504,1224,1200
1048 100 24,504,1224,1200
1049 100 0,504,1224,1200
1050 100 0,504,1224,1200
1051 100 24,504,1224,1200
1052 100 48,504,1224,1200
1053 100 48,504,1224,1224
1054 100 72,528,1224,1200
1055 100 72,528,1224,1200
1056 100 72,528,1224,1200
1057 100 96,528,1224,1200
1058 100 96,528,1224,1200
1059 100 120,528,1224,1200
1060 100 120,528,1224,1200
1061 100 144,528,1224,1200
1062 100 144,528,1224,1224
1063 100 144,528,1224,1224
1064 100 168,528,1224,1224
1065 100 168,528,1224,1224
1066 100 168,528,1224,1224
1067 100 192,528,1224,1224
1068 100 192,528,1224,1224
1069 100 216,528,1224,1200
1070 100 240,528,1224,1200
1071 100 240,528,1224,1200
1072 100 264,528,1224,1200
1073 100 288,528,1224,1200
1074 100 288,528,1224,1200
1075 100 312,528,1224,1200
1076 100 336,528,1224,1200
1077 100 360,528,1224,1200
1078 100 360,528,1224,1200
1079 100 384,528,1224,1200
1080 100 384,528,1224,1200
1081 100 408,528,1224,1224
1082 100 408,528,1224,1224
1083 100 408,528,1224,1224
1084 100 408,528,1224,1224
1085 100 408,528,1224,1224
1086 100 408,528,1224,1224
1087 100 408,528,1224,1200
1088 100 408,528,1224,1224
1089 100 408,528,1224,1224
1090 100 384,552,1224,1200
1091 100 384,552,1224,1200
1092 100 384,552,1224,1200
1093 100 360,528,1224,1224
1094 100 360,528,1224,1224
1095 100 336,528,1224,1224
1096 100 336,552,1224,1200
1097 100 312,528,1224,1224
1098 100 288,528,1224,1224
1099 100 264,528,1224,1200
1100 100 240,528,1224,1200
1101 100 192,528,1224,1200
1102 100 144,528,1224,1200
1103 100 120,504,1224,1224
1104 100 72,504,1224,1200
1105 100 48,504,1224,1200
1106 100 48,504,1224,1200
1107 100 24,480,1224,1224
1108 100 24,480,1224,1224
1109 100 24,480,1224,1224
1110 100 0,480,1224,1200
1111 100 0,480,1224,1200
1112 100 0,480,1224,1200
1113 100 0,480,1224,1200
1114 100 24,480,1224,1200
1115 100 0,480,1224,1200
1116 100 0,456,1224,1224
1117 100 24,456,1224,1224
1118 100 0,480,1224,1200
1119 100 0,480,1224,1200
1120 100 24,480,1224,1200
1121 100 24,456,1224,1224
1122 100 0,456,1224,1224
1123 100 0,456,1224,1224
1124 100 24,456,1224,1224
1125 100 0,480,1224,1200
1126 100 48,480,1224,1200
1127 100 0,480,1224,1224
1128 100 24,504,1224,1200
1129 100 24,480,1224,1224
1130 100 24,504,1224,1200
1131 100 0,504,1224,1200
1132 100 24,504,1224,1224
1133 100 0,504,1224,1224
1134 100 0,504,1224,1224
1135 100 24,504,1224,1224
1136 100 0,504,1224,1224
1137 100 0,504,1224,1224
1138 100 0,504,1224,1224
1139 100 0,504,1224,1224
1140 100 0,504,1224,1224
1141 100 0,528,1224,1200
1142 100 0,528,1224,1200
1143 100 48,528,1224,1224
1144 100 48,528,1224,1224
1145 100 48,528,1224,1200
1146 100 48,528,1224,1224
1147 100 0,528,1224,1200
1148 100 0,528,1224,1200
1149 100 0,528,1224,1224
1150 100 0,528,1224,1224
1151 100 24,552,1224,1200
1152 100 24,552,1224,1200
1153 100 24,552,1224,1200
1154 100 24,552,1224,1200
1155 100 0,552,1224,1200
1156 100 0,576,1224,1200
1157 100 48,576,1224,1200
1158 100 48,576,1224,1224
1159 100 48,576,1224,1224
1160 100 24,576,1224,1200
1161 100 24,576,1224,1200
1162 100 0,576,1224,1224
1163 100 0,600,1224,1200
1164 100 24,600,1224,1200
1165 100 0,600,1224,1224
1166 100 0,600,1224,1200
1167 100 24,600,1224,1200
1168 100 48,576,1224,1200
1169 100 0,576,1224,1200
1170 100 0,576,1224,1200
1171 100 0,600,1224,1200
1172 100 48,600,1224,1200
1173 100 0,600,1224,1224
1174 100 0,600,1224,1200
1175 100 24,600,1224,1200
1176 100 24,600,1224,1200
1177 100 0,576,1224,1224
1178 100 0,576,1224,1224
1179 100 0,576,1224,1224
1180 100 24,576,1224,1200
1181 100 24,576,1224,1200
1182 100 24,576,1224,1200
1183 100 24,576,1224,1200
1184 100 24,576,1224,1200
1185 100 24,576,1224,1200
1186 100 24,576,1224,1200
1187 100 48,576,1224,1200
1188 100 0,552,1224,1224
1189 100 0,552,1224,1224
1190 100 0,552,1224,1224
1191 100 0,552,1224,1200
1192 100 0,552,1224,1200
1193 100 24,552,1224,1200
1194 100 24,552,1224,1200
1195 100 24,528,1224,1200
1196 100 0,528,1224,1200
1197 100 0,528,1224,1224
1198 100 0,552,1224,1200
1199 100 0,552,1224,1200
1200 100 0,552,1224,1200
1201 100 0,552,1224,1200
1202 100 0,552,1224,1200
1203 100 0,552,1224,1200
1204 100 0,552,1224,1200
1205 100 0,528,1224,1224
1206 100 0,528,1224,1224
1207 100 24,528,1224,1224
1208 100 24,528,1224,1224
1209 100 24,528,1224,1224
1210 100 24,528,1224,1224
1211 100 24,528,1224,1200
1212 100 24,528,1224,1200
1213 100 24,528,1224,1200
1214 100 24,528,1224,1200
1215 100 24,528,1224,1200
1216 100 48,528,1224,1200
1217 100 48,528,1224,1200
1218 100 48,528,1224,1200
1219 100 0,528,1224,1200
1220 100 0,504,1224,1224
1221 100 24,504,1224,1200
1222 100 24,504,1224,1200
1223 100 24,504,1224,1224
1224 100 24,504,1224,1224
1225 100 24,504,1224,1224
1226 100 24,504,1224,1224
1227 100 48,504,1224,1200
1228 100 48,504,1224,1200
1229 100 24,504,1224,1200
1230 100 0,504,1224,1200
1231 100 24,504,1224,1224
1232 100 24,504,1224,1224
1233 100 24,504,1224,1224
1234 100 24,504,1224,1224
1235 100 0,504,1224,1224
1236 100 0,528,1224,1200
1237 100 48,528,1224,1200
1238 100 24,528,1224,1200
1239 100 24,528,1224,1200
1240 100 24,528,1224,1200
1241 100 24,528,1224,1200
1242 100 24,528,1224,1200
1243 100 24,528,1224,1200
1244 100 24,528,1224,1200
1245 100 48,504,1224,1224
1246 100 48,504,1224,1224
1247 100 24,504,1224,1224
1248 100 24,504,1224,1224
1249 100 24,504,1224,1200
1250 100 24,504,1224,1224
1251 100 72,504,1224,1224
1252 100 72,504,1224,1224
1253 100 24,504,1224,1224
1254 100 24,504,1224,1224
1255 100 24,504,1224,1200
1256 100 24,504,1224,1200
1257 100 24,504,1224,1200
1258 100 0,504,1224,1200
1259 100 0,504,1224,1200
1260 100 0,504,1224,1200
1261 100 3384,504,1224,1200
1262 100 3408,504,1224,1200
1263 100 3432,504,1224,1200
1264 100 3480,504,1224,1200
1265 100 3504,504,1224,1200
1266 100 3528,504,1224,1200
1267 100 3528,504,1224,1200
1268 100 3528,504,1224,1200
1269 100 3600,504,1224,1200
1270 100 3600,480,1224,1224
1271 100 3648,480,1224,1224
1272 100 3672,480,1224,1224
1273 100 3384,480,1224,1200
1274 100 3432,480,1224,1200
1275 100 3432,480,1224,1200
1276 100 3432,480,1224,1200
1277 100 3432,480,1224,1200
1278 100 3408,480,1224,1200
1279 100 3408,480,1224,1200
1280 100 3408,480,1224,1200
1281 100 3384,480,1224,1200
1282 100 3384,480,1224,1224
1283 100 3360,480,1224,1224
1284 100 3312,480,1224,1224
1285 100 3336,480,1224,1224
1286 100 3312,480,1224,1224
1287 100 3360,480,1224,1224
1288 100 3192,480,1224,1224
1289 100 3216,480,1224,1200
1290 100 3192,480,1224,1224
1291 100 3168,480,1224,1224
1292 100 3168,480,1224,1224
1293 100 3168,480,1224,1224
1294 100 3192,480,1224,1224
1295 100 3072,480,1224,1224
1296 100 3072,480,1224,1224
1297 100 3048,480,1224,1224
1298 100 3048,480,1224,1224
1299 100 3024,480,1224,1224
1300 100 3024,504,1224,1200
1301 100 3024,480,1224,1224
1302 100 2904,480,1224,1224
1303 100 2928,480,1224,1224
1304 100 2928,480,1224,1224
1305 100 2928,504,1224,1200
1306 100 2904,504,1224,1200
1307 100 2904,504,1224,1200
1308 100 2832,504,1224,1200
1309 100 2832,480,1224,1224
1310 100 2832,504,1224,1200
1311 100 2832,504,1224,1200
1312 100 2832,504,1224,1200
1313 100 2832,504,1224,1200
1314 100 2832,504,1224,1200
1315 100 2832,504,1224,1200
1316 100 2832,504,1224,1200
1317 100 2832,504,1224,1200
1318 100 2808,504,1224,1200
1319 100 2808,504,1224,1200
1320 100 2784,504,1224,1200
1321 100 2784,504,1224,1200
1322 100 2784,504,1224,1224
1323 100 2784,504,1224,1224
1324 100 2784,504,1224,1224
1325 100 2784,504,1224,1224
1326 100 2784,504,1224,1224
1327 100 2784,504,1224,1224
1328 100 2832,504,1224,1224
1329 100 2784,504,1224,1224
1330 100 2760,504,1224,1224
1331 100 2784,504,1224,1224
1332 100 2760,504,1224,1224
1333 100 2664,528,1224,1200
1334 100 2664,528,1224,1200
1335 100 2640,528,1224,1200
1336 100 2640,528,1224,1200
1337 100 2616,528,1224,1200
1338 100 2592,504,1224,1224
1339 100 2592,504,1224,1224
1340 100 2568,504,1224,1224
1341 100 2544,504,1224,1224
1342 100 2520,504,1224,1200
1343 100 2496,504,1224,1200
1344 100 2472,504,1224,1200
1345 100 2448,504,1224,1200
1346 100 2424,504,1224,1200
1347 100 2400,504,1224,1200
1348 100 2376,480,1224,1224
1349 100 2352,480,1224,1224
1350 100 2328,480,1224,1224
1351 100 2328,480,1224,1224
1352 100 2304,480,1224,1224
1353 100 2280,480,1224,1224
1354 100 2256,480,1224,1224
1355 100 2232,480,1224,1224
1356 100 2232,480,1224,1224
1357 100 2208,480,1224,1224
1358 100 2184,480,1224,1224
1359 100 2184,504,1224,1200
1360 100 2160,504,1224,1200
1361 100 2160,504,1224,1200
1362 100 2160,504,1224,1200
1363 100 2160,504,1224,1200
1364 100 2136,504,1224,1200
1365 100 2136,504,1224,1200
1366 100 2160,504,1224,1200
1367 100 2160,504,1224,1200
1368 100 2160,504,1224,1200
1369 100 2136,504,1224,1200
1370 100 2136,504,1224,1200
1371 100 2136,504,1224,1200
1372 100 2136,504,1224,1200
1373 100 2136,504,1224,1200
1374 100 2112,504,1224,1200
1375 100 2112,504,1224,1200
1376 100 2088,504,1224,1200
1377 100 2088,504,1224,1200
1378 100 2088,504,1224,1200
1379 100 2064,504,1224,1200
1380 100 2064,504,1224,1200
1381 100 2040,504,1224,1200
1382 100 2040,504,1224,1200
1383 100 2040,504,1224,1200
1384 100 2040,504,1224,1200
1385 100 2040,504,1224,1200
1386 100 2016,504,1224,1200
1387 100 2016,504,1224,1200
1388 100 2016,504,1224,1200
1389 100 2016,504,1224,1200
1390 100 2016,504,1224,1200
1391 100 2016,504,1224,1200
1392 100 2016,504,1224,1200
1393 100 1992,504,1224,1200
1394 100 1992,504,1224,1200
1395 100 1992,504,1224,1200
1396 100 1992,504,1224,1200
1397 100 1992,504,1224,1200
1398 100 1968,504,1224,1200
1399 100 1992,504,1224,1200
1400 100 1992,504,1224,1224
1401 100 1992,504,1224,1224
1402 100 1992,504,1224,1224
1403 100 1992,504,1224,1224
1404 100 1992,504,1224,1224
1405 100 1992,504,1224,1224
1406 100 2016,504,1224,1200
1407 100 2016,504,1224,1200
1408 100 2016,504,1224,1200
1409 100 2016,504,1224,1224
1410 100 2016,504,1224,1224
1411 100 2016,504,1224,1224
1412 100 2040,504,1224,1224
1413 100 2040,504,1224,1224
1414 100 2040,504,1224,1224
1415 100 2040,504,1224,1200
1416 100 2064,504,1224,1200
1417 100 2064,504,1224,1200
1418 100 2088,504,1224,1200
1419 100 2088,504,1224,1200
1420 100 2112,504,1224,1200
1421 100 2136,480,1224,1224
1422 100 2136,480,1224,1224
1423 100 2136,480,1224,1224
1424 100 2160,480,1224,1224
1425 100 2160,480,1224,1224
1426 100 2184,480,1224,1224
1427 100 2184,480,1224,1224
1428 100 2208,480,1224,1224
1429 100 2208,480,1224,1200
1430 100 2208,480,1224,1200
1431 100 2208,480,1224,1200
1432 100 2208,480,1224,1200
1433 100 2208,480,1224,1200
1434 100 2208,480,1224,1224
1435 100 2208,480,1224,1224
1436 100 2208,480,1224,1224
1437 100 2208,480,1224,1224
1438 100 2208,480,1224,1224
1439 100 2208,480,1224,1224
1440 100 2208,480,1224,1224
1441 100 2208,480,1224,1200
1442 100 2208,480,1224,1224
1443 100 2184,480,1224,1200
1444 100 2184,480,1224,1200
1445 100 2184,480,1224,1200
1446 100 2208,480,1224,1200
1447 100 2208,480,1224,1200
1448 100 2208,480,1224,1200
1449 100 2208,480,1224,1200
1450 100 2184,480,1224,1224
1451 100 2184,480,1224,1224
1452 100 2184,480,1224,1200
1453 100 2184,480,1224,1224
1454 100 2208,480,1224,1200
1455 100 2208,480,1224,1200
1456 100 2208,480,1224,1200
1457 100 2208,480,1224,1200
1458 100 2184,480,1224,1200
1459 100 2184,480,1224,1200
1460 100 2184,480,1224,1200
1461 100 2184,480,1224,1200
1462 100 2184,480,1224,1200
1463 100 2184,480,1224,1200
1464 100 2184,480,1224,1200
1465 100 2184,480,1224,1200
1466 100 2184,480,1224,1200
1467 100 2184,480,1224,1200
1468 100 2184,480,1224,1200
1469 100 2184,480,1224,1200
1470 100 2184,480,1224,1200
1471 100 2184,480,1224,1200
1472 100 2184,480,1224,1200
1473 100 2184,480,1224,1200
1474 100 2184,480,1224,1200
1475 100 2184,480,1224,1200
1476 100 2184,480,1224,1200
1477 100 2184,480,1224,1200
1478 100 2184,480,1224,1200
1479 100 2184,480,1224,1200
1480 100 2184,480,1224,1200
1481 100 2184,480,1224,1200
1482 100 2184,480,1224,1200
1483 100 2184,480,1224,1200
1484 100 2184,480,1224,1200
1485 100 2184,480,1224,1200
1486 100 2184,480,1224,1200
1487 100 2184,480,1224,1200
1488 100 2184,480,1224,1200
1489 100 2184,480,1224,1200
1490 100 2184,480,1224,1200
1491 100 2184,480,1224,1200
1492 100 2184,480,1224,1200
1493 100 2184,480,1224,1200
1494 100 2184,480,1224,1200
1495 100 2208,480,1224,1200
1496 100 2208,480,1224,1200
1497 100 2208,480,1224,1200
1498 100 2208,480,1224,1200
1499 100 2208,480,1224,1200
1500 100 2208,480,1224,1200
1501 100 2208,480,1224,1200
1502 100 2232,480,1224,1224
1503 100 2232,504,1224,1200
1504 100 2232,504,1224,1200
1505 100 2256,504,1224,1200
1506 100 2256,504,1224,1200
1507 100 2256,504,1224,1200
1508 100 2256,504,1224,1200
1509 100 2256,504,1224,1200
1510 100 2256,504,1224,1200
1511 100 2256,480,1224,1224
1512 100 2280,480,1224,1224
1513 100 2280,480,1224,1200
1514 100 2280,480,1224,1224
1515 100 2280,480,1224,1224
1516 100 2280,480,1224,1224
1517 100 2280,504,1224,1200
1518 100 2280,504,1224,1200
1519 100 2280,504,1224,1200
1520 100 2280,504,1224,1200
1521 100 2280,504,1224,1200
1522 100 2280,504,1224,1200
1523 100 2280,504,1224,1200
1524 100 2280,504,1224,1200
1525 100 2280,504,1224,1200
1526 100 2280,504,1224,1200
1527 100 2280,504,1224,1200
1528 100 2280,504,1224,1200
1529 100 2280,504,1224,1200
1530 100 2280,504,1224,1200
1531 100 2280,504,1224,1200
1532 100 2280,504,1224,1200
1533 100 2280,504,1224,1200
1534 100 2280,504,1224,1200
1535 100 2280,504,1224,1200
1536 100 2280,504,1224,1200
1537 100 2280,504,1224,1200
1538 100 2280,504,1224,1200
1539 100 2280,504,1224,1200
1540 100 2280,504,1224,1200
1541 100 2304,504,1224,1200
1542 100 2304,504,1224,1200
1543 100 2304,504,1224,1200
1544 100 2304,504,1224,1200
1545 100 2304,504,1224,1200
1546 100 2280,504,1224,1200
1547 100 2280,504,1224,1200
1548 100 2280,504,1224,1200
1549 100 2280,504,1224,1200
1550 100 2280,504,1224,1200
1551 100 2280,504,1224,1200
1552 100 2280,504,1224,1200
1553 100 2280,504,1224,1200
1554 100 2280,504,1224,1200
1555 100 2280,504,1224,1200
1556 100 2280,504,1224,1200
1557 100 2280,504,1224,1200
1558 100 2280,504,1224,1200
1559 100 2280,504,1224,1200
1560 100 2280,504,1224,1200
1561 100 2280,504,1224,1200
1562 100 2280,504,1224,1200
1563 100 2280,504,1224,1200
1564 100 2280,504,1224,1200
1565 100 2280,504,1224,1200
1566 100 2280,504,1224,1200
1567 100 2280,504,1224,1200
1568 100 2280,504,1224,1200
1569 100 2280,504,1224,1200
1570 100 2280,504,1224,1200
1571 100 2280,504,1224,1200
1572 100 2304,504,1224,1200
1573 100 2304,504,1224,1200
1574 100 2304,504,1224,1200
1575 100 2280,504,1224,1200
1576 100 2304,504,1224,1200
1577 100 2304,504,1224,1200
1578 100 2304,504,1224,1200
1579 100 2328,504,1224,1200
1580 100 2328,504,1224,1200
1581 100 2352,504,1224,1200
1582 100 2376,504,1224,1200
1583 100 2400,504,1224,1200
1584 100 2424,504,1224,1200
1585 100 2448,504,1224,1200
1586 100 2496,504,1224,1200
1587 100 2520,480,1224,1224
1588 100 2544,480,1224,1224
1589 100 2568,480,1224,1200
1590 100 2592,480,1224,1200
1591 100 2616,480,1224,1200
1592 100 2616,480,1224,1200
1593 100 2640,480,1224,1200
1594 100 2616,480,1224,1200
1595 100 2640,480,1224,1200
1596 100 2664,480,1224,1200
1597 100 2664,456,1224,1224
1598 100 2688,456,1224,1224
1599 100 2688,456,1224,1224
1600 100 2760,456,1224,1224
1601 100 2832,456,1224,1224
1602 100 2856,456,1224,1224
1603 100 2856,456,1224,1224
1604 100 2832,456,1224,1224
1605 100 2856,456,1224,1224
1606 100 2856,456,1224,1224
1607 100 2856,456,1224,1224
1608 100 2928,456,1224,1224
1609 100 2928,456,1224,1224
1610 100 2928,456,1224,1224
1611 100 2928,456,1224,1224
1612 100 2928,456,1224,1224
1613 100 2928,456,1224,1224
1614 100 2928,456,1224,1224
1615 100 2856,456,1224,1224
1616 100 2856,456,1224,1224
1617 100 2856,456,1224,1224
1618 100 2880,456,1224,1200
1619 100 2880,456,1224,1200
1620 100 2880,456,1224,1200
1621 100 2904,456,1224,1200
1622 100 2880,456,1224,1200
1623 100 3000,456,1224,1200
1624 100 3000,456,1224,1200
1625 100 3000,456,1224,1200
1626 100 3000,456,1224,1200
1627 100 3000,456,1224,1200
1628 100 3024,456,1224,1200
1629 100 3024,432,1224,1224
1630 100 3024,456,1224,1200
1631 100 3024,456,1224,1200
1632 100 3024,456,1224,1200
1633 100 3000,456,1224,1200
1634 100 2976,456,1224,1200
1635 100 3000,456,1224,1200
1636 100 3000,456,1224,1200
1637 100 3024,456,1224,1200
1638 100 3024,432,1224,1224
1639 100 3024,432,1224,1224
1640 100 3024,432,1224,1224
1641 100 3048,432,1224,1224
1642 100 2928,432,1224,1224
1643 100 3048,432,1224,1224
1644 100 3048,432,1224,1224
1645 100 3024,432,1224,1224
1646 100 3024,432,1224,1224
1647 100 3024,432,1224,1224
1648 100 3048,432,1224,1224
1649 100 3048,432,1224,1224
1650 100 3048,432,1224,1224
1651 100 3048,432,1224,1224
1652 100 3048,432,1224,1224
1653 100 3048,432,1224,1224
1654 100 3048,432,1224,1224
1655 100 3048,432,1224,1224
1656 100 3048,432,1224,1224
1657 100 2952,432,1224,1224
1658 100 3048,432,1224,1224
1659 100 3048,432,1224,1224
1660 100 3048,432,1224,1224
1661 100 3024,432,1224,1224
1662 100 3024,432,1224,1224
1663 100 3048,432,1224,1224
1664 100 3048,432,1224,1224
1665 100 2952,432,1224,1224
1666 100 2952,432,1224,1224
1667 100 2952,432,1224,1224
1668 100 2952,432,1224,1224
1669 100 2952,432,1224,1224
1670 100 2976,432,1224,1224
1671 100 2976,432,1224,1200
1672 100 2976,432,1224,1224
1673 100 2976,432,1224,1200
1674 100 2976,432,1224,1224
1675 100 2976,432,1224,1224
1676 100 2976,432,1224,1224
1677 100 2976,432,1224,1200
1678 100 2976,432,1224,1200
1679 100 2976,432,1224,1200
1680 100 2976,432,1224,1200
1681 100 2976,432,1224,1200
1682 100 2976,432,1224,1200
1683 100 2976,432,1224,1200
1684 100 2976,432,1224,1200
1685 100 2976,432,1224,1200
1686 100 2976,432,1224,1200
1687 100 2976,432,1224,1200
1688 100 2976,432,1224,1200
1689 100 2976,432,1224,1200
1690 100 2976,432,1224,1200
1691 100 2976,432,1224,1200
1692 100 2952,432,1224,1200
1693 100 2952,432,1224,1224
1694 100 3048,432,1224,1224
1695 100 3048,432,1224,1224
1696 100 3048,432,1224,1224
1697 100 3048,432,1224,1224
1698 100 2952,432,1224,1200
1699 100 2952,432,1224,1200
1700 100 2952,432,1224,1200
1701 100 2952,432,1224,1200
1702 100 2952,432,1224,1200
1703 100 2952,432,1224,1200
1704 100 2952,432,1224,1200
1705 100 2952,432,1224,1224
1706 100 2952,432,1224,1224
1707 100 3048,432,1224,1224
1708 100 2952,432,1224,1224
1709 100 2952,432,1224,1224
1710 100 3048,432,1224,1224
1711 100 3048,432,1224,1224
1712 100 2952,432,1224,1224
1713 100 2952,432,1224,1224
1714 100 3048,432,1224,1224
1715 100 2952,432,1224,1224
1716 100 2952,432,1224,1224
1717 100 2952,432,1224,1224
1718 100 2952,432,1224,1224
1719 100 2952,432,1224,1200
1720 100 2952,432,1224,1200
1721 100 3048,432,1224,1224
1722 100 2952,432,1224,1200
1723 100 2952,432,1224,1200
1724 100 2976,432,1224,1200
1725 100 2952,432,1224,1200
1726 100 2952,432,1224,1200
1727 100 2952,432,1224,1224
1728 100 3048,432,1224,1224
1729 100 3048,432,1224,1224
1730 100 3048,432,1224,1224
1731 100 3048,432,1224,1224
1732 100 3048,432,1224,1224
1733 100 3048,432,1224,1224
1734 100 3048,432,1224,1224
1735 100 2952,432,1224,1224
1736 100 3048,432,1224,1224
1737 100 3048,432,1224,1224
1738 100 2952,432,1224,1224
1739 100 2952,432,1224,1224
1740 100 2952,432,1224,1224
1741 100 3048,432,1224,1224
1742 100 3048,432,1224,1224
1743 100 3048,432,1224,1224
1744 100 3048,432,1224,1224
1745 100 3048,432,1224,1224
1746 100 3024,456,1224,1200
1747 100 3024,456,1224,1200
1748 100 3024,456,1224,1200
1749 100 3024,456,1224,1200
1750 100 3024,456,1224,1200
1751 100 3024,456,1224,1200
1752 100 3000,456,1224,1200
1753 100 2976,456,1224,1200
1754 100 3000,456,1224,1200
1755 100 3024,456,1224,1200
1756 100 3024,432,1224,1224
1757 100 3048,432,1224,1224
1758 100 2976,432,1224,1224
1759 100 2976,432,1224,1200
1760 100 2952,432,1224,1224
1761 100 2928,432,1224,1224
1762 100 2928,456,1224,1200
1763 100 2904,456,1224,1200
1764 100 3000,456,1224,1200
1765 100 3000,456,1224,1200
1766 100 3000,456,1224,1200
1767 100 3024,456,1224,1200
1768 100 3024,432,1224,1224
1769 100 2976,432,1224,1224
1770 100 2976,432,1224,1224
1771 100 2976,432,1224,1224
1772 100 3048,432,1224,1224
1773 100 3048,432,1224,1224
1774 100 3048,432,1224,1224
1775 100 3024,456,1224,1200
1776 100 3024,456,1224,1200
1777 100 3024,456,1224,1200
1778 100 3024,456,1224,1200
1779 100 3024,456,1224,1200
1780 100 3000,456,1224,1200
1781 100 3000,456,1224,1200
1782 100 3000,456,1224,1200
1783 100 3000,456,1224,1200
1784 100 3120,456,1224,1200
1785 100 3120,456,1224,1200
1786 100 3120,456,1224,1200
1787 100 3120,456,1224,1200
1788 100 3000,456,1224,1200
1789 100 3000,456,1224,1200
1790 100 3048,456,1224,1200
1791 100 3048,456,1224,1200
1792 100 3024,456,1224,1200
1793 100 3000,456,1224,1200
1794 100 3024,456,1224,1200
1795 100 3024,456,1224,1200
1796 100 3000,456,1224,1200
1797 100 3000,456,1224,1200
1798 100 3000,456,1224,1200
1799 100 3000,456,1224,1200
1800 100 3024,456,1224,1200
1801 100 3024,456,1224,1200
1802 100 3024,456,1224,1200
1803 100 3000,456,1224,1200
1804 100 3024,456,1224,1200
1805 100 3048,432,1224,1224
1806 100 3048,432,1224,1224
1807 100 3048,432,1224,1224
1808 100 3024,456,1224,1200
1809 100 3024,456,1224,1200
1810 100 3120,456,1224,1200
1811 100 3120,456,1224,1200
1812 100 3024,456,1224,1200
1813 100 3024,456,1224,1200
1814 100 3024,456,1224,1200
1815 100 3024,456,1224,1200
1816 100 3048,456,1224,1200
1817 100 3048,432,1224,1224
1818 100 3048,432,1224,1224
1819 100 3048,432,1224,1224
1820 100 3048,432,1224,1224
1821 100 3048,432,1224,1224
1822 100 3048,432,1224,1224
1823 100 3048,432,1224,1224
1824 100 3048,432,1224,1224
1825 100 3048,432,1224,1224
1826 100 3048,432,1224,1224
1827 100 3048,432,1224,1224
1828 100 3048,432,1224,1224
1829 100 3048,432,1224,1224
1830 100 3048,432,1224,1224
1831 100 3072,432,1224,1224
1832 100 3072,432,1224,1224
1833 100 3072,432,1224,1200
1834 100 3072,432,1224,1200
1835 100 3072,432,1224,1224
1836 100 3048,432,1224,1224
1837 100 3048,432,1224,1224
1838 100 3048,432,1224,1224
1839 100 3072,432,1224,1224
1840 100 3072,432,1224,1224
1841 100 3072,432,1224,1224
1842 100 3048,432,1224,1224
1843 100 3072,432,1224,1224
1844 100 3072,432,1224,1224
1845 100 3072,432,1224,1200
1846 100 3072,432,1224,1200
1847 100 3072,432,1224,1200
1848 100 3072,432,1224,1200
1849 100 3072,432,1224,1200
1850 100 3072,432,1224,1200
1851 100 3072,432,1224,1200
1852 100 3072,432,1224,1200
1853 100 3072,432,1224,1200
1854 100 3072,432,1224,1200
1855 100 3072,432,1224,1200
1856 100 3072,432,1224,1200
1857 100 3072,432,1224,1200
1858 100 3072,432,1224,1200
1859 100 3072,432,1224,1200
1860 100 3072,432,1224,1200
1861 100 3072,432,1224,1200
1862 100 3072,432,1224,1200
1863 100 3096,432,1224,1200
1864 100 3096,432,1224,1200
1865 100 3072,432,1224,1200
1866 100 3072,432,1224,1200
1867 100 3072,432,1224,1224
1868 100 3048,432,1224,1224
1869 100 3024,432,1224,1224
1870 100 3048,432,1224,1224
1871 100 3048,432,1224,1224
1872 100 3048,432,1224,1224
1873 100 3144,432,1224,1224
1874 100 3120,456,1224,1200
1875 100 3144,456,1224,1200
1876 100 3144,456,1224,1200
1877 100 3144,432,1224,1224
1878 100 3024,432,1224,1224
1879 100 3024,456,1224,1200
1880 100 3024,456,1224,1200
1881 100 3024,432,1224,1224
1882 100 3024,432,1224,1224
1883 100 3024,432,1224,1224
1884 100 3024,432,1224,1224
1885 100 3024,432,1224,1224
1886 100 3024,432,1224,1224
1887 100 3024,432,1224,1224
1888 100 3024,432,1224,1224
1889 100 3024,456,1224,1200
1890 100 3024,456,1224,1200
1891 100 3024,456,1224,1200
1892 100 3120,456,1224,1200
1893 100 3120,456,1224,1200
1894 100 3120,456,1224,1200
1895 100 3120,456,1224,1200
1896 100 3120,456,1224,1200
1897 100 3120,456,1224,1200
1898 100 3120,456,1224,1200
1899 100 3120,456,1224,1200
1900 100 3120,456,1224,1200
1901 100 3120,456,1224,1200
1902 100 3120,456,1224,1200
1903 100 3120,456,1224,1200
1904 100 3120,456,1224,1200
1905 100 3096,456,1224,1200
1906 100 3096,456,1224,1200
1907 100 3096,456,1224,1200
1908 100 3072,456,1224,1224
1909 100 3072,456,1224,1200
1910 100 3072,456,1224,1200
1911 100 3072,456,1224,1200
1912 100 3072,456,1224,1200
1913 100 3120,456,1224,1200
1914 100 3120,456,1224,1200
1915 100 3096,456,1224,1200
1916 100 3072,456,1224,1224
1917 100 3072,456,1224,1224
1918 100 3072,456,1224,1224
1919 100 3072,456,1224,1200
1920 100 3096,456,1224,1200
1921 100 3072,456,1224,1200
1922 100 3096,456,1224,1200
1923 100 3096,456,1224,1200
1924 100 3096,456,1224,1200
1925 100 3072,456,1224,1200
1926 100 3096,456,1224,1200
1927 100 3096,456,1224,1200
1928 100 3096,456,1224,1200
1929 100 3072,456,1224,1200
1930 100 3072,456,1224,1200
1931 100 3072,456,1224,1200
1932 100 3072,456,1224,1200
1933 100 3072,456,1224,1200
1934 100 3072,456,1224,1200
1935 100 3072,456,1224,1200
1936 100 3072,456,1224,1200
1937 100 3072,456,1224,1200
1938 100 3072,456,1224,1200
1939 100 3120,456,1224,1200
1940 100 3120,456,1224,1200
1941 100 3024,456,1224,1200
1942 100 3024,456,1224,1200
1943 100 3000,456,1224,1200
1944 100 3000,456,1224,1200
1945 100 3024,456,1224,1200
1946 100 3024,456,1224,1200
1947 100 3000,456,1224,1200
1948 100 3000,456,1224,1200
1949 100 3024,456,1224,1200
1950 100 3024,456,1224,1200
1951 100 3120,456,1224,1200
1952 100 3120,456,1224,1200
1953 100 3120,456,1224,1200
1954 100 3120,456,1224,1200
1955 100 3120,456,1224,1200
1956 100 3120,456,1224,1200
1957 100 3120,456,1224,1200
1958 100 3120,456,1224,1200
1959 100 3120,456,1224,1200
1960 100 3120,456,1224,1200
1961 100 3120,456,1224,1200
1962 100 3120,456,1224,1200
1963 100 3144,456,1224,1200
1964 100 3144,456,1224,1200
1965 100 3120,456,1224,1200
1966 100 3120,456,1224,1200
1967 100 3120,456,1224,1200
1968 100 3096,456,1224,1200
1969 100 3120,456,1224,1200
1970 100 3120,456,1224,1200
1971 100 3120,456,1224,1200
1972 100 3096,456,1224,1200
1973 100 3144,456,1224,1200
1974 100 3144,456,1224,1200
1975 100 3144,456,1224,1200
1976 100 3144,456,1224,1200
1977 100 3144,456,1224,1200
1978 100 3144,456,1224,1200
1979 100 3144,456,1224,1200
1980 100 3144,456,1224,1200
1981 100 3144,456,1224,1200
1982 100 3024,432,1224,1224
1983 100 3024,432,1224,1224
1984 100 3024,432,1224,1224
1985 100 3072,432,1224,1224
1986 100 3072,432,1224,1224
1987 100 3072,432,1224,1224
1988 100 3072,432,1224,1224
1989 100 3072,432,1224,1224
1990 100 3072,432,1224,1200
1991 100 3072,432,1224,1200
1992 100 3096,432,1224,1200
1993 100 3072,432,1224,1200
1994 100 3072,432,1224,1200
1995 100 3072,432,1224,1200
1996 100 3072,432,1224,1200
1997 100 3120,432,1224,1200
1998 100 3120,432,1224,1200
1999 100 3120,432,1224,1200
2000 100 3120,432,1224,1200
2001 100 3120,432,1224,1200
2002 100 3120,432,1224,1200
2003 100 3096,432,1224,1200
2004 100 3120,432,1224,1200
2005 100 3072,432,1224,1224
2006 100 3048,432,1224,1224
2007 100 3048,432,1224,1224
2008 100 3024,432,1224,1224
2009 100 3024,432,1224,1224
2010 100 3072,432,1224,1224
2011 100 3024,432,1224,1224
2012 100 3144,456,1224,1200
2013 100 3120,456,1224,1200
2014 100 3144,456,1224,1200
2015 100 3024,432,1224,1224
2016 100 3024,432,1224,1224
2017 100 3024,456,1224,1200
2018 100 3024,456,1224,1200
2019 100 3024,456,1224,1200
2020 100 3024,456,1224,1200
2021 100 3024,456,1224,1200
2022 100 3024,456,1224,1200
2023 100 3024,432,1224,1224
2024 100 3024,456,1224,1200
2025 100 3024,456,1224,1200
2026 100 3024,456,1224,1200
2027 100 3024,456,1224,1200
2028 100 3024,432,1224,1224
2029 100 3024,432,1224,1224
2030 100 3048,432,1224,1224
2031 100 3072,432,1224,1224
2032 100 3048,432,1224,1224
2033 100 3072,432,1224,1224
2034 100 3072,432,1224,1224
2035 100 3072,432,1224,1224
2036 100 3072,432,1224,1200
2037 100 3072,432,1224,1200
2038 100 3072,432,1224,1224
2039 100 3048,432,1224,1224
2040 100 3048,432,1224,1224
2041 100 3048,432,1224,1224
2042 100 3048,432,1224,1224
2043 100 3048,432,1224,1224
2044 100 3024,456,1224,1200
2045 100 3024,456,1224,1200
2046 100 3048,432,1224,1224
2047 100 3048,432,1224,1224
2048 100 3048,432,1224,1224
2049 100 3072,432,1224,1224
2050 100 3072,432,1224,1224
2051 100 3048,432,1224,1224
2052 100 3048,432,1224,1224
2053 100 3048,432,1224,1224
2054 100 3072,432,1224,1224
2055 100 3048,432,1224,1224
2056 100 3072,432,1224,1224
2057 100 3072,432,1224,1224
2058 100 3072,432,1224,1224
2059 100 3072,432,1224,1224
2060 100 3072,432,1224,1224
2061 100 3072,432,1224,1224
2062 100 3072,432,1224,1224
2063 100 3072,432,1224,1224
2064 100 3072,432,1224,1224
2065 100 3072,432,1224,1200
2066 100 3072,432,1224,1200
2067 100 3072,432,1224,1200
2068 100 3072,432,1224,1224
2069 100 3072,432,1224,1200
2070 100 3072,432,1224,1200
2071 100 3072,432,1224,1200
2072 100 3072,432,1224,1200
2073 100 3072,432,1224,1200
2074 100 3072,432,1224,1200
2075 100 3072,432,1224,1200
2076 100 3072,432,1224,1200
2077 100 3072,432,1224,1200
2078 100 3096,432,1224,1200
2079 100 3096,432,1224,1200
2080 100 3096,432,1224,1200
2081 100 3096,432,1224,1200
2082 100 3096,432,1224,1200
2083 100 3096,432,1224,1200
2084 100 3096,432,1224,1200
2085 100 3096,432,1224,1200
2086 100 3096,432,1224,1200
2087 100 3096,432,1224,1200
2088 100 3096,432,1224,1200
2089 100 3096,432,1224,1200
2090 100 3096,432,1224,1200
2091 100 3096,432,1224,1200
2092 100 3120,432,1224,1200
2093 100 3120,432,1224,1200
2094 100 3024,432,1224,1200
2095 100 3024,432,1224,1200
2096 100 3048,408,1224,1224
2097 100 3024,432,1224,1200
2098 100 3024,432,1224,1200
2099 100 3120,432,1224,1200
